   -1000.000     462.059865
    -999.000     465.808579
    -998.000     472.103556
    -997.000     480.909954
    -996.000     491.642075
    -995.000     503.514304
    -994.000     515.589361
    -993.000     526.916440
    -992.000     536.244911
    -991.000     542.641474
    -990.000     545.392702
    -989.000     543.856658
    -988.000     538.078033
    -987.000     528.488339
    -986.000     515.665023
    -985.000     500.885756
    -984.000     485.362259
    -983.000     470.482172
    -982.000     457.508158
    -981.000     447.704853
    -980.000     441.724932
    -979.000     440.289039
    -978.000     443.527119
    -977.000     451.271181
    -976.000     462.925413
    -975.000     477.766888
    -974.000     494.260657
    -973.000     511.198364
    -972.000     526.959867
    -971.000     539.868330
    -970.000     548.845501
    -969.000     552.957142
    -968.000     551.673869
    -967.000     545.435498
    -966.000     534.838101
    -965.000     520.907118
    -964.000     505.204675
    -963.000     489.131011
    -962.000     473.999477
    -961.000     461.221452
    -960.000     451.658094
    -959.000     445.885222
    -958.000     444.443386
    -957.000     447.190608
    -956.000     453.836215
    -955.000     463.970605
    -954.000     476.606701
    -953.000     490.691401
    -952.000     505.251140
    -951.000     518.802354
    -950.000     530.334471
    -949.000     538.835245
    -948.000     543.603023
    -947.000     544.173227
    -946.000     540.871570
    -945.000     533.814393
    -944.000     523.917363
    -943.000     512.154659
    -942.000     499.529228
    -941.000     487.118573
    -940.000     476.038779
    -939.000     466.925342
    -938.000     460.457735
    -937.000     457.035534
    -936.000     456.634224
    -935.000     459.152068
    -934.000     464.287972
    -933.000     471.326900
    -932.000     479.636716
    -931.000     488.466371
    -930.000     496.922212
    -929.000     504.254602
    -928.000     510.100688
    -927.000     513.724780
    -926.000     515.308647
    -925.000     514.818249
    -924.000     512.497761
    -923.000     508.865078
    -922.000     504.507611
    -921.000     499.749888
    -920.000     495.275846
    -919.000     491.396940
    -918.000     488.249728
    -917.000     486.121560
    -916.000     484.903000
    -915.000     484.445727
    -914.000     484.602873
    -913.000     485.214563
    -912.000     485.839321
    -911.000     486.579806
    -910.000     487.119250
    -909.000     487.474570
    -908.000     487.751252
    -907.000     488.039476
    -906.000     488.441475
    -905.000     489.292137
    -904.000     490.656918
    -903.000     492.591416
    -902.000     495.291918
    -901.000     498.528263
    -900.000     502.081205
    -899.000     505.760087
    -898.000     509.016745
    -897.000     511.425289
    -896.000     512.637486
    -895.000     512.182104
    -894.000     509.820606
    -893.000     505.694808
    -892.000     499.769895
    -891.000     492.623490
    -890.000     484.796121
    -889.000     477.009821
    -888.000     469.981504
    -887.000     464.575313
    -886.000     461.270663
    -885.000     460.581925
    -884.000     462.765492
    -883.000     467.707419
    -882.000     475.168659
    -881.000     484.629204
    -880.000     495.253841
    -879.000     506.126358
    -878.000     516.268607
    -877.000     524.606852
    -876.000     530.332368
    -875.000     532.856914
    -874.000     531.800475
    -873.000     527.293218
    -872.000     519.790984
    -871.000     509.975958
    -870.000     498.801058
    -869.000     487.439551
    -868.000     476.757461
    -867.000     467.875144
    -866.000     461.506699
    -865.000     458.130297
    -864.000     458.098267
    -863.000     461.343441
    -862.000     467.563657
    -861.000     476.208531
    -860.000     486.537935
    -859.000     497.485086
    -858.000     508.115551
    -857.000     517.329510
    -856.000     524.214358
    -855.000     528.158917
    -854.000     528.739519
    -853.000     525.955777
    -852.000     520.212393
    -851.000     512.131709
    -850.000     502.540093
    -849.000     492.538544
    -848.000     482.950493
    -847.000     474.786100
    -846.000     468.647428
    -845.000     465.066116
    -844.000     464.217754
    -843.000     466.053237
    -842.000     470.337316
    -841.000     476.475180
    -840.000     483.888759
    -839.000     491.755003
    -838.000     499.306222
    -837.000     505.769720
    -836.000     510.634707
    -835.000     513.362540
    -834.000     513.951780
    -833.000     512.344549
    -832.000     508.954914
    -831.000     504.187621
    -830.000     498.712436
    -829.000     493.073133
    -828.000     487.926174
    -827.000     483.763081
    -826.000     480.923682
    -825.000     479.684690
    -824.000     480.047694
    -823.000     481.901188
    -822.000     484.992925
    -821.000     488.910306
    -820.000     493.203156
    -819.000     497.291848
    -818.000     500.784271
    -817.000     503.147088
    -816.000     504.159583
    -815.000     503.646936
    -814.000     501.686136
    -813.000     498.423337
    -812.000     494.368282
    -811.000     489.821279
    -810.000     485.473227
    -809.000     481.753623
    -808.000     479.120933
    -807.000     477.915632
    -806.000     478.339246
    -805.000     480.338718
    -804.000     483.764151
    -803.000     488.317184
    -802.000     493.433545
    -801.000     498.636756
    -800.000     503.373873
    -799.000     506.993786
    -798.000     509.195061
    -797.000     509.680876
    -796.000     508.298802
    -795.000     505.307763
    -794.000     500.945455
    -793.000     495.663673
    -792.000     490.086890
    -791.000     484.778678
    -790.000     480.245976
    -789.000     477.071978
    -788.000     475.501040
    -787.000     475.757201
    -786.000     477.832933
    -785.000     481.623302
    -784.000     486.605426
    -783.000     492.530880
    -782.000     498.597537
    -781.000     504.290207
    -780.000     508.967480
    -779.000     512.153486
    -778.000     513.357568
    -777.000     512.618892
    -776.000     509.858682
    -775.000     505.396997
    -774.000     499.784440
    -773.000     493.540055
    -772.000     487.294514
    -771.000     481.812733
    -770.000     477.493474
    -769.000     474.763052
    -768.000     473.925450
    -767.000     474.877958
    -766.000     477.428968
    -765.000     481.403745
    -764.000     486.041452
    -763.000     490.992829
    -762.000     495.587062
    -761.000     499.343279
    -760.000     501.797777
    -759.000     502.938498
    -758.000     502.495951
    -757.000     500.817712
    -756.000     498.242540
    -755.000     495.100156
    -754.000     491.969229
    -753.000     489.337948
    -752.000     487.489696
    -751.000     486.720222
    -750.000     487.271407
    -749.000     488.802767
    -748.000     491.377386
    -747.000     494.511115
    -746.000     497.782776
    -745.000     500.713776
    -744.000     503.004438
    -743.000     504.011347
    -742.000     503.783615
    -741.000     502.142275
    -740.000     499.115908
    -739.000     495.171449
    -738.000     490.652398
    -737.000     485.985801
    -736.000     481.916367
    -735.000     478.823629
    -734.000     477.138402
    -733.000     477.234136
    -732.000     479.189304
    -731.000     482.815204
    -730.000     488.022168
    -729.000     494.162225
    -728.000     500.647144
    -727.000     506.785182
    -726.000     511.865633
    -725.000     515.028883
    -724.000     516.095665
    -723.000     514.531394
    -722.000     510.460209
    -721.000     504.292823
    -720.000     496.499570
    -719.000     487.818440
    -718.000     479.282599
    -717.000     471.586568
    -716.000     465.533535
    -715.000     461.856981
    -714.000     460.838910
    -713.000     462.657501
    -712.000     467.381997
    -711.000     474.531780
    -710.000     483.596966
    -709.000     494.004921
    -708.000     504.650717
    -707.000     514.730152
    -706.000     523.416273
    -705.000     529.696452
    -704.000     533.110053
    -703.000     533.365642
    -702.000     530.220441
    -701.000     524.123831
    -700.000     515.603963
    -699.000     505.318037
    -698.000     494.218647
    -697.000     483.383171
    -696.000     473.449360
    -695.000     465.477861
    -694.000     459.995151
    -693.000     457.361806
    -692.000     457.891353
    -691.000     461.517117
    -690.000     467.837661
    -689.000     476.504639
    -688.000     486.707897
    -687.000     497.531810
    -686.000     508.113605
    -685.000     517.441894
    -684.000     524.592048
    -683.000     528.960666
    -682.000     530.162421
    -681.000     527.967571
    -680.000     522.798098
    -679.000     515.157276
    -678.000     505.642557
    -677.000     495.434304
    -676.000     485.256646
    -675.000     476.040414
    -674.000     468.587484
    -673.000     463.423341
    -672.000     460.783258
    -671.000     460.983842
    -670.000     463.728702
    -669.000     468.740731
    -668.000     475.597660
    -667.000     483.616024
    -666.000     492.025026
    -665.000     500.293696
    -664.000     507.600282
    -663.000     513.395820
    -662.000     517.471443
    -661.000     519.388461
    -660.000     519.309609
    -659.000     517.416375
    -658.000     513.962605
    -657.000     509.400204
    -656.000     504.272725
    -655.000     498.921792
    -654.000     493.779829
    -653.000     489.252874
    -652.000     485.390957
    -651.000     482.411075
    -650.000     480.338050
    -649.000     479.027781
    -648.000     478.409697
    -647.000     478.445267
    -646.000     478.841293
    -645.000     479.663384
    -644.000     480.820732
    -643.000     482.260924
    -642.000     484.103775
    -641.000     486.375084
    -640.000     489.094536
    -639.000     492.301404
    -638.000     495.980762
    -637.000     499.891959
    -636.000     503.909924
    -635.000     507.707172
    -634.000     510.858326
    -633.000     513.070578
    -632.000     513.954758
    -631.000     513.196785
    -630.000     510.745992
    -629.000     506.569096
    -628.000     500.864174
    -627.000     494.033732
    -626.000     486.627961
    -625.000     479.182359
    -624.000     472.479810
    -623.000     467.077822
    -622.000     463.589884
    -621.000     462.436842
    -620.000     463.946689
    -619.000     468.062141
    -618.000     474.791618
    -617.000     483.607751
    -616.000     493.965667
    -615.000     505.022352
    -614.000     515.855230
    -613.000     525.377764
    -612.000     532.678360
    -611.000     536.910731
    -610.000     537.468909
    -609.000     534.228373
    -608.000     527.310995
    -607.000     517.246118
    -606.000     505.031554
    -605.000     491.645645
    -604.000     478.367783
    -603.000     466.354867
    -602.000     456.652409
    -601.000     450.050473
    -600.000     447.199499
    -599.000     448.208009
    -598.000     453.164661
    -597.000     461.549881
    -596.000     472.827541
    -595.000     485.957154
    -594.000     499.899418
    -593.000     513.395612
    -592.000     525.264751
    -591.000     534.416900
    -590.000     540.066345
    -589.000     541.766928
    -588.000     539.371126
    -587.000     533.342737
    -586.000     524.183519
    -585.000     512.959960
    -584.000     500.620578
    -583.000     488.332072
    -582.000     476.995991
    -581.000     467.634033
    -580.000     460.713171
    -579.000     456.843789
    -578.000     456.105185
    -577.000     458.486971
    -576.000     463.752545
    -575.000     471.415515
    -574.000     480.805210
    -573.000     491.194971
    -572.000     501.697055
    -571.000     511.432657
    -570.000     519.593035
    -569.000     525.553246
    -568.000     528.724807
    -567.000     529.021986
    -566.000     526.373768
    -565.000     521.146302
    -564.000     513.823667
    -563.000     505.171493
    -562.000     495.820901
    -561.000     486.740336
    -560.000     478.478022
    -559.000     471.763600
    -558.000     466.948070
    -557.000     464.365579
    -556.000     463.974521
    -555.000     465.766237
    -554.000     469.385950
    -553.000     474.406032
    -552.000     480.392017
    -551.000     486.780473
    -550.000     492.986543
    -549.000     498.677664
    -548.000     503.413419
    -547.000     506.934770
    -546.000     509.275592
    -545.000     510.333020
    -544.000     510.267024
    -543.000     509.328847
    -542.000     507.706085
    -541.000     505.558331
    -540.000     503.257464
    -539.000     500.794966
    -538.000     498.336792
    -537.000     495.996717
    -536.000     493.710487
    -535.000     491.434406
    -534.000     489.349153
    -533.000     487.180387
    -532.000     485.160415
    -531.000     483.296140
    -530.000     481.685882
    -529.000     480.463058
    -528.000     479.910170
    -527.000     480.043701
    -526.000     481.114764
    -525.000     483.223020
    -524.000     486.272276
    -523.000     490.220949
    -522.000     494.917821
    -521.000     499.846966
    -520.000     504.719187
    -519.000     509.047739
    -518.000     512.183593
    -517.000     513.814691
    -516.000     513.641840
    -515.000     511.298890
    -514.000     507.111583
    -513.000     501.179214
    -512.000     494.012910
    -511.000     486.247245
    -510.000     478.674018
    -509.000     471.821774
    -508.000     466.597555
    -507.000     463.407976
    -506.000     462.625325
    -505.000     464.527342
    -504.000     469.006299
    -503.000     475.732912
    -502.000     484.334073
    -501.000     494.082280
    -500.000     504.059115
    -499.000     513.570188
    -498.000     521.572128
    -497.000     527.336438
    -496.000     530.325217
    -495.000     530.258261
    -494.000     526.943117
    -493.000     520.963282
    -492.000     512.703175
    -491.000     502.913580
    -490.000     492.696864
    -489.000     482.779310
    -488.000     474.052381
    -487.000     467.364314
    -486.000     463.104199
    -485.000     461.592451
    -484.000     463.043841
    -483.000     467.086809
    -482.000     473.374580
    -481.000     481.413542
    -480.000     490.247191
    -479.000     499.100750
    -478.000     507.189673
    -477.000     513.577541
    -476.000     517.708034
    -475.000     519.370380
    -474.000     518.206114
    -473.000     514.656563
    -472.000     509.151309
    -471.000     502.228685
    -470.000     494.754634
    -469.000     487.523423
    -468.000     481.085748
    -467.000     476.129069
    -466.000     473.057670
    -465.000     471.925727
    -464.000     472.841080
    -463.000     475.646239
    -462.000     479.817003
    -461.000     485.078692
    -460.000     490.841085
    -459.000     496.461891
    -458.000     501.544878
    -457.000     505.639491
    -456.000     508.285300
    -455.000     509.519045
    -454.000     509.209915
    -453.000     507.457929
    -452.000     504.612547
    -451.000     501.030895
    -450.000     496.967207
    -449.000     493.019330
    -448.000     489.492763
    -447.000     486.590968
    -446.000     484.737483
    -445.000     483.914409
    -444.000     484.054712
    -443.000     485.235625
    -442.000     487.063697
    -441.000     489.268468
    -440.000     491.610064
    -439.000     493.668452
    -438.000     495.084888
    -437.000     495.836064
    -436.000     495.598958
    -435.000     494.486744
    -434.000     492.672861
    -433.000     490.352052
    -432.000     487.782411
    -431.000     485.509111
    -430.000     483.665076
    -429.000     482.628296
    -428.000     482.663829
    -427.000     483.727165
    -426.000     485.885302
    -425.000     488.981462
    -424.000     492.738112
    -423.000     496.771985
    -422.000     500.855270
    -421.000     504.368209
    -420.000     507.110105
    -419.000     508.736798
    -418.000     509.031575
    -417.000     507.902009
    -416.000     505.595508
    -415.000     502.054173
    -414.000     497.806926
    -413.000     493.215102
    -412.000     488.609348
    -411.000     484.552901
    -410.000     481.408210
    -409.000     479.391661
    -408.000     478.810907
    -407.000     479.662211
    -406.000     481.839635
    -405.000     485.135941
    -404.000     489.272113
    -403.000     493.622608
    -402.000     497.909258
    -401.000     501.509459
    -400.000     504.034627
    -399.000     505.176894
    -398.000     504.863149
    -397.000     502.953391
    -396.000     499.881875
    -395.000     495.837435
    -394.000     491.354988
    -393.000     486.930112
    -392.000     483.068849
    -391.000     480.102834
    -390.000     478.423305
    -389.000     478.117716
    -388.000     479.143250
    -387.000     481.402204
    -386.000     484.558174
    -385.000     488.213025
    -384.000     492.010367
    -383.000     495.482553
    -382.000     498.277405
    -381.000     500.202223
    -380.000     501.068916
    -379.000     500.938649
    -378.000     499.934392
    -377.000     498.340362
    -376.000     496.404870
    -375.000     494.565529
    -374.000     493.042197
    -373.000     492.148482
    -372.000     492.004474
    -371.000     492.705697
    -370.000     494.079956
    -369.000     496.081471
    -368.000     498.257514
    -367.000     500.417729
    -366.000     502.073566
    -365.000     502.966157
    -364.000     502.751941
    -363.000     501.350882
    -362.000     498.696707
    -361.000     494.955992
    -360.000     490.451028
    -359.000     485.593017
    -358.000     480.859847
    -357.000     476.854482
    -356.000     473.987543
    -355.000     472.718160
    -354.000     473.265665
    -353.000     475.733964
    -352.000     479.922886
    -351.000     485.614513
    -350.000     492.179928
    -349.000     499.079553
    -348.000     505.516525
    -347.000     510.910271
    -346.000     514.527346
    -345.000     516.087133
    -344.000     515.265874
    -343.000     512.192495
    -342.000     507.127010
    -341.000     500.557502
    -340.000     493.140094
    -339.000     485.537615
    -338.000     478.537562
    -337.000     472.686674
    -336.000     468.603789
    -335.000     466.652052
    -334.000     467.033188
    -333.000     469.779345
    -332.000     474.816626
    -331.000     481.647706
    -330.000     489.955159
    -329.000     498.978643
    -328.000     507.976930
    -327.000     516.237136
    -326.000     522.938938
    -325.000     527.400167
    -324.000     529.197332
    -323.000     528.025367
    -322.000     523.869287
    -321.000     517.114871
    -320.000     508.245152
    -319.000     497.983528
    -318.000     487.333004
    -317.000     477.079527
    -316.000     468.145122
    -315.000     461.300729
    -314.000     457.057409
    -313.000     455.748610
    -312.000     457.564135
    -311.000     462.232079
    -310.000     469.464296
    -309.000     478.660027
    -308.000     489.054564
    -307.000     499.744691
    -306.000     509.957395
    -305.000     518.708364
    -304.000     525.310804
    -303.000     529.325139
    -302.000     530.330630
    -301.000     528.395375
    -300.000     523.832158
    -299.000     516.979618
    -298.000     508.604912
    -297.000     499.424627
    -296.000     490.189717
    -295.000     481.610264
    -294.000     474.422170
    -293.000     468.977586
    -292.000     465.695914
    -291.000     464.748515
    -290.000     466.033600
    -289.000     469.397354
    -288.000     474.594974
    -287.000     480.971729
    -286.000     488.136418
    -285.000     495.516341
    -284.000     502.343847
    -283.000     508.299851
    -282.000     512.879950
    -281.000     515.701114
    -280.000     516.774274
    -279.000     516.071233
    -278.000     513.659373
    -277.000     509.937824
    -276.000     505.265790
    -275.000     499.839409
    -274.000     494.302156
    -273.000     488.829729
    -272.000     483.729401
    -271.000     479.326188
    -270.000     475.754406
    -269.000     473.026214
    -268.000     471.430351
    -267.000     470.836407
    -266.000     471.275361
    -265.000     472.864896
    -264.000     475.466476
    -263.000     479.028678
    -262.000     483.557142
    -261.000     488.874009
    -260.000     494.677081
    -259.000     500.990999
    -258.000     507.219804
    -257.000     513.135565
    -256.000     518.383255
    -255.000     522.457797
    -254.000     524.956959
    -253.000     525.746839
    -252.000     524.371724
    -251.000     520.914854
    -250.000     515.474710
    -249.000     508.233502
    -248.000     499.644262
    -247.000     490.387549
    -246.000     480.973083
    -245.000     472.199375
    -244.000     464.820819
    -243.000     459.395632
    -242.000     456.447047
    -241.000     456.498698
    -240.000     459.466198
    -239.000     465.471777
    -238.000     474.133687
    -237.000     484.789506
    -236.000     496.612440
    -235.000     508.707689
    -234.000     519.649710
    -233.000     528.538280
    -232.000     534.373335
    -231.000     536.328060
    -230.000     534.248317
    -229.000     528.364169
    -228.000     518.960904
    -227.000     507.272827
    -226.000     494.295009
    -225.000     481.142478
    -224.000     469.154724
    -223.000     459.261729
    -222.000     452.160623
    -221.000     448.556037
    -220.000     448.606744
    -219.000     452.266601
    -218.000     459.424326
    -217.000     469.486799
    -216.000     481.717416
    -215.000     495.341526
    -214.000     509.303999
    -213.000     522.404623
    -212.000     533.875384
    -211.000     542.513433
    -210.000     547.731985
    -209.000     549.099372
    -208.000     546.473226
    -207.000     539.971023
    -206.000     530.383487
    -205.000     518.246460
    -204.000     504.689687
    -203.000     490.767283
    -202.000     477.534716
    -201.000     465.887885
    -200.000     456.796945
    -199.000     450.723723
    -198.000     448.074159
    -197.000     449.069976
    -196.000     453.462633
    -195.000     460.896091
    -194.000     470.879923
    -193.000     482.446410
    -192.000     494.741956
    -191.000     506.751340
    -190.000     517.436364
    -189.000     525.844737
    -188.000     531.516318
    -187.000     533.733833
    -186.000     532.628129
    -185.000     528.378390
    -184.000     521.393996
    -183.000     512.410851
    -182.000     502.402108
    -181.000     491.962696
    -180.000     482.158369
    -179.000     473.643468
    -178.000     466.880070
    -177.000     462.433889
    -176.000     460.424951
    -175.000     460.881417
    -174.000     463.697543
    -173.000     468.642269
    -172.000     475.168078
    -171.000     482.946997
    -170.000     491.313333
    -169.000     499.702704
    -168.000     507.583632
    -167.000     514.470345
    -166.000     519.826184
    -165.000     523.517989
    -164.000     525.249223
    -163.000     524.977522
    -162.000     522.858599
    -161.000     519.011839
    -160.000     513.706484
    -159.000     507.347324
    -158.000     500.259244
    -157.000     492.837518
    -156.000     485.534735
    -155.000     478.719808
    -154.000     472.693724
    -153.000     467.899118
    -152.000     464.507295
    -151.000     462.774419
    -150.000     462.854486
    -149.000     464.787023
    -148.000     468.515678
    -147.000     473.949691
    -146.000     480.776900
    -145.000     488.659563
    -144.000     497.120043
    -143.000     505.650157
    -142.000     513.579564
    -141.000     520.407097
    -140.000     525.535634
    -139.000     528.497129
    -138.000     529.053141
    -137.000     527.031596
    -136.000     522.498084
    -135.000     515.848137
    -134.000     507.394775
    -133.000     497.883091
    -132.000     487.970879
    -131.000     478.421281
    -130.000     469.949616
    -129.000     463.277676
    -128.000     458.882314
    -127.000     457.198518
    -126.000     458.455232
    -125.000     462.606091
    -124.000     469.475490
    -123.000     478.615694
    -122.000     489.350254
    -121.000     500.833231
    -120.000     512.087299
    -119.000     522.044664
    -118.000     529.750970
    -117.000     534.363765
    -116.000     535.352011
    -115.000     532.566683
    -114.000     526.170725
    -113.000     516.850403
    -112.000     505.383278
    -111.000     492.976530
    -110.000     480.670199
    -109.000     469.617524
    -108.000     460.679299
    -107.000     454.615825
    -106.000     451.779767
    -105.000     452.374261
    -104.000     456.294910
    -103.000     463.106515
    -102.000     472.323954
    -101.000     483.172345
    -100.000     494.731527
     -99.000     506.167321
     -98.000     516.592906
     -97.000     525.077583
     -96.000     531.226855
     -95.000     534.421377
     -94.000     534.634945
     -93.000     531.931242
     -92.000     526.656459
     -91.000     519.283233
     -90.000     510.564928
     -89.000     501.110054
     -88.000     491.714642
     -87.000     483.018279
     -86.000     475.610656
     -85.000     469.888012
     -84.000     466.244481
     -83.000     464.725533
     -82.000     465.380421
     -81.000     468.060592
     -80.000     472.467640
     -79.000     478.164594
     -78.000     484.770445
     -77.000     491.623603
     -76.000     498.256535
     -75.000     504.112654
     -74.000     508.775363
     -73.000     511.810015
     -72.000     513.200684
     -71.000     512.706744
     -70.000     510.555337
     -69.000     507.003454
     -68.000     502.352753
     -67.000     497.023061
     -66.000     491.594551
     -65.000     486.309964
     -64.000     481.719036
     -63.000     478.081253
     -62.000     475.583096
     -61.000     474.347540
     -60.000     474.479455
     -59.000     475.763863
     -58.000     478.125595
     -57.000     481.430593
     -56.000     485.252030
     -55.000     489.485571
     -54.000     493.847103
     -53.000     497.985227
     -52.000     501.784586
     -51.000     505.127306
     -50.000     507.640230
     -49.000     509.534271
     -48.000     510.566744
     -47.000     510.759295
     -46.000     510.148411
     -45.000     508.843878
     -44.000     506.705694
     -43.000     504.055579
     -42.000     500.854424
     -41.000     497.207811
     -40.000     493.354750
     -39.000     489.424850
     -38.000     485.503166
     -37.000     481.983750
     -36.000     478.928776
     -35.000     476.554689
     -34.000     475.152207
     -33.000     474.779303
     -32.000     475.482113
     -31.000     477.441404
     -30.000     480.415034
     -29.000     484.281717
     -28.000     488.828937
     -27.000     493.703505
     -26.000     498.368542
     -25.000     502.716144
     -24.000     506.051311
     -23.000     508.226167
     -22.000     509.045600
     -21.000     508.337207
     -20.000     506.156900
     -19.000     502.856477
     -18.000     498.545049
     -17.000     493.726889
     -16.000     488.903746
     -15.000     484.392422
     -14.000     480.677294
     -13.000     478.143400
     -12.000     476.938063
     -11.000     477.172450
     -10.000     479.014090
      -9.000     482.053993
      -8.000     486.213863
      -7.000     491.135813
      -6.000     496.246791
      -5.000     501.163823
      -4.000     505.502676
      -3.000     508.635185
      -2.000     510.454550
      -1.000     510.757764
       0.000     509.391575
