
  -0.0000000e+00   4.2421177e+02
   1.0000000e+00   4.2774129e+02
   2.0000000e+00   4.3201724e+02
   3.0000000e+00   4.3662576e+02
   4.0000000e+00   4.4110093e+02
   5.0000000e+00   4.4498634e+02
   6.0000000e+00   4.4777768e+02
   7.0000000e+00   4.4904406e+02
   8.0000000e+00   4.4874096e+02
   9.0000000e+00   4.4677994e+02
   1.0000000e+01   4.4352098e+02
   1.1000000e+01   4.3929847e+02
   1.2000000e+01   4.3463273e+02
   1.3000000e+01   4.2988391e+02
   1.4000000e+01   4.2550795e+02
   1.5000000e+01   4.2175282e+02
   1.6000000e+01   4.1886212e+02
   1.7000000e+01   4.1698915e+02
   1.8000000e+01   4.1623660e+02
   1.9000000e+01   4.1661549e+02
   2.0000000e+01   4.1818157e+02
   2.1000000e+01   4.2078401e+02
   2.2000000e+01   4.2431343e+02
   2.3000000e+01   4.2853501e+02
   2.4000000e+01   4.3308966e+02
   2.5000000e+01   4.3760032e+02
   2.6000000e+01   4.4164281e+02
   2.7000000e+01   4.4479555e+02
   2.8000000e+01   4.4678764e+02
   2.9000000e+01   4.4743381e+02
   3.0000000e+01   4.4680398e+02
   3.1000000e+01   4.4501506e+02
   3.2000000e+01   4.4236834e+02
   3.3000000e+01   4.3921246e+02
   3.4000000e+01   4.3578484e+02
   3.5000000e+01   4.3241080e+02
   3.6000000e+01   4.2928068e+02
   3.7000000e+01   4.2653517e+02
   3.8000000e+01   4.2426059e+02
   3.9000000e+01   4.2254989e+02
   4.0000000e+01   4.2137252e+02
   4.1000000e+01   4.2077126e+02
   4.2000000e+01   4.2074072e+02
   4.3000000e+01   4.2121998e+02
   4.4000000e+01   4.2223083e+02
   4.5000000e+01   4.2373615e+02
   4.6000000e+01   4.2567167e+02
   4.7000000e+01   4.2800977e+02
   4.8000000e+01   4.3069232e+02
   4.9000000e+01   4.3356803e+02
   5.0000000e+01   4.3659649e+02
   5.1000000e+01   4.3952996e+02
   5.2000000e+01   4.4223167e+02
   5.3000000e+01   4.4447098e+02
   5.4000000e+01   4.4604632e+02
   5.5000000e+01   4.4673933e+02
   5.6000000e+01   4.4645006e+02
   5.7000000e+01   4.4514945e+02
   5.8000000e+01   4.4279771e+02
   5.9000000e+01   4.3966119e+02
   6.0000000e+01   4.3587915e+02
   6.1000000e+01   4.3173327e+02
   6.2000000e+01   4.2754891e+02
   6.3000000e+01   4.2359183e+02
   6.4000000e+01   4.2005651e+02
   6.5000000e+01   4.1728976e+02
   6.6000000e+01   4.1534377e+02
   6.7000000e+01   4.1445053e+02
   6.8000000e+01   4.1468263e+02
   6.9000000e+01   4.1615739e+02
   7.0000000e+01   4.1883817e+02
   7.1000000e+01   4.2276310e+02
   7.2000000e+01   4.2775448e+02
   7.3000000e+01   4.3355360e+02
   7.4000000e+01   4.3981758e+02
   7.5000000e+01   4.4598355e+02
   7.6000000e+01   4.5134232e+02
   7.7000000e+01   4.5536823e+02
   7.8000000e+01   4.5737224e+02
   7.9000000e+01   4.5706500e+02
   8.0000000e+01   4.5449699e+02
   8.1000000e+01   4.4991382e+02
   8.2000000e+01   4.4379591e+02
   8.3000000e+01   4.3693461e+02
   8.4000000e+01   4.2976626e+02
   8.5000000e+01   4.2287656e+02
   8.6000000e+01   4.1672565e+02
   8.7000000e+01   4.1153464e+02
   8.8000000e+01   4.0747283e+02
   8.9000000e+01   4.0487135e+02
   9.0000000e+01   4.0365249e+02
   9.1000000e+01   4.0407730e+02
   9.2000000e+01   4.0625533e+02
   9.3000000e+01   4.1019735e+02
   9.4000000e+01   4.1599283e+02
   9.5000000e+01   4.2359525e+02
   9.6000000e+01   4.3256679e+02
   9.7000000e+01   4.4247860e+02
   9.8000000e+01   4.5236188e+02
   9.9000000e+01   4.6097085e+02
   1.0000000e+02   4.6705511e+02
   1.0100000e+02   4.6957324e+02
   1.0200000e+02   4.6792585e+02
   1.0300000e+02   4.6247977e+02
   1.0400000e+02   4.5418871e+02
   1.0500000e+02   4.4408324e+02
   1.0600000e+02   4.3360323e+02
   1.0700000e+02   4.2360505e+02
   1.0800000e+02   4.1472907e+02
   1.0900000e+02   4.0746902e+02
   1.1000000e+02   4.0206117e+02
   1.1100000e+02   3.9854310e+02
   1.1200000e+02   3.9720270e+02
   1.1300000e+02   3.9801588e+02
   1.1400000e+02   4.0114506e+02
   1.1500000e+02   4.0662448e+02
   1.1600000e+02   4.1448546e+02
   1.1700000e+02   4.2429554e+02
   1.1800000e+02   4.3564731e+02
   1.1900000e+02   4.4742557e+02
   1.2000000e+02   4.5821029e+02
   1.2100000e+02   4.6653992e+02
   1.2200000e+02   4.7109725e+02
   1.2300000e+02   4.7114510e+02
   1.2400000e+02   4.6713855e+02
   1.2500000e+02   4.5989892e+02
   1.2600000e+02   4.5069903e+02
   1.2700000e+02   4.4088615e+02
   1.2800000e+02   4.3137729e+02
   1.2900000e+02   4.2270779e+02
   1.3000000e+02   4.1547009e+02
   1.3100000e+02   4.0966945e+02
   1.3200000e+02   4.0543364e+02
   1.3300000e+02   4.0288019e+02
   1.3400000e+02   4.0196112e+02
   1.3500000e+02   4.0259936e+02
   1.3600000e+02   4.0504809e+02
   1.3700000e+02   4.0897263e+02
   1.3800000e+02   4.1442398e+02
   1.3900000e+02   4.2119475e+02
   1.4000000e+02   4.2882023e+02
   1.4100000e+02   4.3682311e+02
   1.4200000e+02   4.4462117e+02
   1.4300000e+02   4.5133369e+02
   1.4400000e+02   4.5634746e+02
   1.4500000e+02   4.5925991e+02
   1.4600000e+02   4.5964724e+02
   1.4700000e+02   4.5778586e+02
   1.4800000e+02   4.5404100e+02
   1.4900000e+02   4.4886858e+02
   1.5000000e+02   4.4286045e+02
   1.5100000e+02   4.3669191e+02
   1.5200000e+02   4.3052289e+02
   1.5300000e+02   4.2491038e+02
   1.5400000e+02   4.1997653e+02
   1.5500000e+02   4.1582815e+02
   1.5600000e+02   4.1262353e+02
   1.5700000e+02   4.1045775e+02
   1.5800000e+02   4.0925673e+02
   1.5900000e+02   4.0919772e+02
   1.6000000e+02   4.1029829e+02
   1.6100000e+02   4.1251158e+02
   1.6200000e+02   4.1595478e+02
   1.6300000e+02   4.2060313e+02
   1.6400000e+02   4.2622582e+02
   1.6500000e+02   4.3280805e+02
   1.6600000e+02   4.3991833e+02
   1.6700000e+02   4.4701015e+02
   1.6800000e+02   4.5354890e+02
   1.6900000e+02   4.5878914e+02
   1.7000000e+02   4.6192138e+02
   1.7100000e+02   4.6263721e+02
   1.7200000e+02   4.6063625e+02
   1.7300000e+02   4.5613157e+02
   1.7400000e+02   4.4966458e+02
   1.7500000e+02   4.4197923e+02
   1.7600000e+02   4.3365112e+02
   1.7700000e+02   4.2552915e+02
   1.7800000e+02   4.1802026e+02
   1.7900000e+02   4.1146369e+02
   1.8000000e+02   4.0624816e+02
   1.8100000e+02   4.0247859e+02
   1.8200000e+02   4.0026415e+02
   1.8300000e+02   3.9991556e+02
   1.8400000e+02   4.0141249e+02
   1.8500000e+02   4.0493397e+02
   1.8600000e+02   4.1066522e+02
   1.8700000e+02   4.1848540e+02
   1.8800000e+02   4.2815555e+02
   1.8900000e+02   4.3932822e+02
   1.9000000e+02   4.5085028e+02
   1.9100000e+02   4.6143934e+02
   1.9200000e+02   4.6959209e+02
   1.9300000e+02   4.7374133e+02
   1.9400000e+02   4.7316870e+02
   1.9500000e+02   4.6812763e+02
   1.9600000e+02   4.5948169e+02
   1.9700000e+02   4.4872184e+02
   1.9800000e+02   4.3733216e+02
   1.9900000e+02   4.2627939e+02
   2.0000000e+02   4.1641557e+02
   2.0100000e+02   4.0810749e+02
   2.0200000e+02   4.0153975e+02
   2.0300000e+02   3.9681661e+02
   2.0400000e+02   3.9403044e+02
   2.0500000e+02   3.9317034e+02
   2.0600000e+02   3.9438910e+02
   2.0700000e+02   3.9785969e+02
   2.0800000e+02   4.0355462e+02
   2.0900000e+02   4.1166391e+02
   2.1000000e+02   4.2199483e+02
   2.1100000e+02   4.3409002e+02
   2.1200000e+02   4.4712464e+02
   2.1300000e+02   4.5980280e+02
   2.1400000e+02   4.7024730e+02
   2.1500000e+02   4.7690732e+02
   2.1600000e+02   4.7852726e+02
   2.1700000e+02   4.7491722e+02
   2.1800000e+02   4.6694975e+02
   2.1900000e+02   4.5610804e+02
   2.2000000e+02   4.4400532e+02
   2.2100000e+02   4.3194572e+02
   2.2200000e+02   4.2097836e+02
   2.2300000e+02   4.1151803e+02
   2.2400000e+02   4.0397977e+02
   2.2500000e+02   3.9844838e+02
   2.2600000e+02   3.9501015e+02
   2.2700000e+02   3.9378155e+02
   2.2800000e+02   3.9490900e+02
   2.2900000e+02   3.9838029e+02
   2.3000000e+02   4.0446079e+02
   2.3100000e+02   4.1295967e+02
   2.3200000e+02   4.2359743e+02
   2.3300000e+02   4.3575847e+02
   2.3400000e+02   4.4820612e+02
   2.3500000e+02   4.5931848e+02
   2.3600000e+02   4.6752574e+02
   2.3700000e+02   4.7144328e+02
   2.3800000e+02   4.7064834e+02
   2.3900000e+02   4.6574976e+02
   2.4000000e+02   4.5790546e+02
   2.4100000e+02   4.4853566e+02
   2.4200000e+02   4.3891491e+02
   2.4300000e+02   4.2987299e+02
   2.4400000e+02   4.2202329e+02
   2.4500000e+02   4.1557288e+02
   2.4600000e+02   4.1071160e+02
   2.4700000e+02   4.0739210e+02
   2.4800000e+02   4.0566643e+02
   2.4900000e+02   4.0542818e+02
   2.5000000e+02   4.0666822e+02
   2.5100000e+02   4.0926555e+02
   2.5200000e+02   4.1311391e+02
   2.5300000e+02   4.1795864e+02
   2.5400000e+02   4.2361489e+02
   2.5500000e+02   4.2961920e+02
   2.5600000e+02   4.3564224e+02
   2.5700000e+02   4.4121477e+02
   2.5800000e+02   4.4592667e+02
   2.5900000e+02   4.4945422e+02
   2.6000000e+02   4.5162822e+02
   2.6100000e+02   4.5236165e+02
   2.6200000e+02   4.5175903e+02
   2.6300000e+02   4.4997276e+02
   2.6400000e+02   4.4727403e+02
   2.6500000e+02   4.4386254e+02
   2.6600000e+02   4.4000976e+02
   2.6700000e+02   4.3595019e+02
   2.6800000e+02   4.3179599e+02
   2.6900000e+02   4.2780858e+02
   2.7000000e+02   4.2405145e+02
   2.7100000e+02   4.2071999e+02
   2.7200000e+02   4.1787502e+02
   2.7300000e+02   4.1573294e+02
   2.7400000e+02   4.1429354e+02
   2.7500000e+02   4.1379955e+02
   2.7600000e+02   4.1424674e+02
   2.7700000e+02   4.1580960e+02
   2.7800000e+02   4.1847833e+02
   2.7900000e+02   4.2233657e+02
   2.8000000e+02   4.2720693e+02
   2.8100000e+02   4.3302324e+02
   2.8200000e+02   4.3933980e+02
   2.8300000e+02   4.4570894e+02
   2.8400000e+02   4.5148371e+02
   2.8500000e+02   4.5593983e+02
   2.8600000e+02   4.5842685e+02
   2.8700000e+02   4.5854263e+02
   2.8800000e+02   4.5618972e+02
   2.8900000e+02   4.5160540e+02
   2.9000000e+02   4.4537001e+02
   2.9100000e+02   4.3820802e+02
   2.9200000e+02   4.3066351e+02
   2.9300000e+02   4.2350556e+02
   2.9400000e+02   4.1703381e+02
   2.9500000e+02   4.1164789e+02
   2.9600000e+02   4.0753630e+02
   2.9700000e+02   4.0492122e+02
   2.9800000e+02   4.0382730e+02
   2.9900000e+02   4.0451727e+02
   3.0000000e+02   4.0695044e+02
   3.0100000e+02   4.1128119e+02
   3.0200000e+02   4.1741397e+02
   3.0300000e+02   4.2521911e+02
   3.0400000e+02   4.3422246e+02
   3.0500000e+02   4.4375787e+02
   3.0600000e+02   4.5282652e+02
   3.0700000e+02   4.6012228e+02
   3.0800000e+02   4.6468067e+02
   3.0900000e+02   4.6559103e+02
   3.1000000e+02   4.6281731e+02
   3.1100000e+02   4.5692967e+02
   3.1200000e+02   4.4890453e+02
   3.1300000e+02   4.3977036e+02
   3.1400000e+02   4.3074393e+02
   3.1500000e+02   4.2235357e+02
   3.1600000e+02   4.1521921e+02
   3.1700000e+02   4.0964764e+02
   3.1800000e+02   4.0575254e+02
   3.1900000e+02   4.0362556e+02
   3.2000000e+02   4.0343206e+02
   3.2100000e+02   4.0507701e+02
   3.2200000e+02   4.0863389e+02
   3.2300000e+02   4.1407095e+02
   3.2400000e+02   4.2108444e+02
   3.2500000e+02   4.2936217e+02
   3.2600000e+02   4.3831038e+02
   3.2700000e+02   4.4693569e+02
   3.2800000e+02   4.5437996e+02
   3.2900000e+02   4.5958508e+02
   3.3000000e+02   4.6185377e+02
   3.3100000e+02   4.6096942e+02
   3.3200000e+02   4.5731058e+02
   3.3300000e+02   4.5138108e+02
   3.3400000e+02   4.4422069e+02
   3.3500000e+02   4.3662310e+02
   3.3600000e+02   4.2925105e+02
   3.3700000e+02   4.2265781e+02
   3.3800000e+02   4.1727004e+02
   3.3900000e+02   4.1314000e+02
   3.4000000e+02   4.1058872e+02
   3.4100000e+02   4.0963692e+02
   3.4200000e+02   4.1027584e+02
   3.4300000e+02   4.1259369e+02
   3.4400000e+02   4.1647652e+02
   3.4500000e+02   4.2163469e+02
   3.4600000e+02   4.2782139e+02
   3.4700000e+02   4.3442327e+02
   3.4800000e+02   4.4069989e+02
   3.4900000e+02   4.4594803e+02
   3.5000000e+02   4.4950334e+02
   3.5100000e+02   4.5080998e+02
   3.5200000e+02   4.5002113e+02
   3.5300000e+02   4.4734879e+02
   3.5400000e+02   4.4328383e+02
   3.5500000e+02   4.3866389e+02
   3.5600000e+02   4.3397512e+02
   3.5700000e+02   4.2968946e+02
   3.5800000e+02   4.2628069e+02
   3.5900000e+02   4.2386951e+02
   3.6000000e+02   4.2250052e+02
   3.6100000e+02   4.2235424e+02
   3.6200000e+02   4.2317136e+02
   3.6300000e+02   4.2482883e+02
   3.6400000e+02   4.2716932e+02
   3.6500000e+02   4.2978798e+02
   3.6600000e+02   4.3232041e+02
   3.6700000e+02   4.3457931e+02
   3.6800000e+02   4.3611042e+02
   3.6900000e+02   4.3677748e+02
   3.7000000e+02   4.3668019e+02
   3.7100000e+02   4.3570573e+02
   3.7200000e+02   4.3419808e+02
   3.7300000e+02   4.3244098e+02
   3.7400000e+02   4.3065933e+02
   3.7500000e+02   4.2913912e+02
   3.7600000e+02   4.2820750e+02
   3.7700000e+02   4.2788010e+02
   3.7800000e+02   4.2831319e+02
   3.7900000e+02   4.2957892e+02
   3.8000000e+02   4.3142305e+02
   3.8100000e+02   4.3377072e+02
   3.8200000e+02   4.3636261e+02
   3.8300000e+02   4.3871891e+02
   3.8400000e+02   4.4052597e+02
   3.8500000e+02   4.4156023e+02
   3.8600000e+02   4.4134475e+02
   3.8700000e+02   4.4006201e+02
   3.8800000e+02   4.3774200e+02
   3.8900000e+02   4.3461470e+02
   3.9000000e+02   4.3111769e+02
   3.9100000e+02   4.2769121e+02
   3.9200000e+02   4.2454730e+02
   3.9300000e+02   4.2215924e+02
   3.9400000e+02   4.2072952e+02
   3.9500000e+02   4.2031399e+02
   3.9600000e+02   4.2112991e+02
   3.9700000e+02   4.2312673e+02
   3.9800000e+02   4.2608573e+02
   3.9900000e+02   4.2994654e+02
   4.0000000e+02   4.3426359e+02
   4.0100000e+02   4.3853608e+02
   4.0200000e+02   4.4235368e+02
   4.0300000e+02   4.4518067e+02
   4.0400000e+02   4.4653524e+02
   4.0500000e+02   4.4641811e+02
   4.0600000e+02   4.4476850e+02
   4.0700000e+02   4.4186294e+02
   4.0800000e+02   4.3814438e+02
   4.0900000e+02   4.3409558e+02
   4.1000000e+02   4.2998374e+02
   4.1100000e+02   4.2639759e+02
   4.1200000e+02   4.2344367e+02
   4.1300000e+02   4.2132002e+02
   4.1400000e+02   4.2026520e+02
   4.1500000e+02   4.2021537e+02
   4.1600000e+02   4.2113991e+02
   4.1700000e+02   4.2311323e+02
   4.1800000e+02   4.2579033e+02
   4.1900000e+02   4.2901941e+02
   4.2000000e+02   4.3253959e+02
   4.2100000e+02   4.3589788e+02
   4.2200000e+02   4.3871641e+02
   4.2300000e+02   4.4079830e+02
   4.2400000e+02   4.4175983e+02
   4.2500000e+02   4.4158381e+02
   4.2600000e+02   4.4043113e+02
   4.2700000e+02   4.3839965e+02
   4.2800000e+02   4.3585304e+02
   4.2900000e+02   4.3319506e+02
   4.3000000e+02   4.3063430e+02
   4.3100000e+02   4.2850664e+02
   4.3200000e+02   4.2710256e+02
   4.3300000e+02   4.2637118e+02
   4.3400000e+02   4.2653837e+02
   4.3500000e+02   4.2750230e+02
   4.3600000e+02   4.2915086e+02
   4.3700000e+02   4.3124377e+02
   4.3800000e+02   4.3365600e+02
   4.3900000e+02   4.3584475e+02
   4.4000000e+02   4.3766299e+02
   4.4100000e+02   4.3876076e+02
   4.4200000e+02   4.3892029e+02
   4.4300000e+02   4.3811693e+02
   4.4400000e+02   4.3651293e+02
   4.4500000e+02   4.3415489e+02
   4.4600000e+02   4.3148336e+02
   4.4700000e+02   4.2874133e+02
   4.4800000e+02   4.2619997e+02
   4.4900000e+02   4.2417845e+02
   4.5000000e+02   4.2288674e+02
   4.5100000e+02   4.2241710e+02
   4.5200000e+02   4.2297373e+02
   4.5300000e+02   4.2454433e+02
   4.5400000e+02   4.2708443e+02
   4.5500000e+02   4.3048161e+02
   4.5600000e+02   4.3457361e+02
   4.5700000e+02   4.3880140e+02
   4.5800000e+02   4.4294046e+02
   4.5900000e+02   4.4625259e+02
   4.6000000e+02   4.4830594e+02
   4.6100000e+02   4.4869523e+02
   4.6200000e+02   4.4727642e+02
   4.6300000e+02   4.4406040e+02
   4.6400000e+02   4.3954303e+02
   4.6500000e+02   4.3410464e+02
   4.6600000e+02   4.2838659e+02
   4.6700000e+02   4.2290478e+02
   4.6800000e+02   4.1810119e+02
   4.6900000e+02   4.1435525e+02
   4.7000000e+02   4.1192634e+02
   4.7100000e+02   4.1106214e+02
   4.7200000e+02   4.1183049e+02
   4.7300000e+02   4.1446553e+02
   4.7400000e+02   4.1883675e+02
   4.7500000e+02   4.2489461e+02
   4.7600000e+02   4.3229795e+02
   4.7700000e+02   4.4045600e+02
   4.7800000e+02   4.4843344e+02
   4.7900000e+02   4.5524418e+02
   4.8000000e+02   4.5971096e+02
   4.8100000e+02   4.6108196e+02
   4.8200000e+02   4.5910134e+02
   4.8300000e+02   4.5414157e+02
   4.8400000e+02   4.4697515e+02
   4.8500000e+02   4.3869507e+02
   4.8600000e+02   4.3020882e+02
   4.8700000e+02   4.2227301e+02
   4.8800000e+02   4.1543271e+02
   4.8900000e+02   4.1001268e+02
   4.9000000e+02   4.0619612e+02
   4.9100000e+02   4.0419882e+02
   4.9200000e+02   4.0399978e+02
   4.9300000e+02   4.0580719e+02
   4.9400000e+02   4.0956056e+02
   4.9500000e+02   4.1525090e+02
   4.9600000e+02   4.2265229e+02
   4.9700000e+02   4.3136486e+02
   4.9800000e+02   4.4060287e+02
   4.9900000e+02   4.4942602e+02
   5.0000000e+02   4.5664349e+02
   5.0100000e+02   4.6121381e+02
   5.0200000e+02   4.6245765e+02
   5.0300000e+02   4.6035078e+02
   5.0400000e+02   4.5538540e+02
   5.0500000e+02   4.4849748e+02
   5.0600000e+02   4.4067424e+02
   5.0700000e+02   4.3285894e+02
   5.0800000e+02   4.2566687e+02
   5.0900000e+02   4.1959008e+02
   5.1000000e+02   4.1491805e+02
   5.1100000e+02   4.1175535e+02
   5.1200000e+02   4.1020045e+02
   5.1300000e+02   4.1027399e+02
   5.1400000e+02   4.1186162e+02
   5.1500000e+02   4.1493146e+02
   5.1600000e+02   4.1919609e+02
   5.1700000e+02   4.2437213e+02
   5.1800000e+02   4.3003360e+02
   5.1900000e+02   4.3565274e+02
   5.2000000e+02   4.4070240e+02
   5.2100000e+02   4.4469683e+02
   5.2200000e+02   4.4736426e+02
   5.2300000e+02   4.4848003e+02
   5.2400000e+02   4.4825792e+02
   5.2500000e+02   4.4684971e+02
   5.2600000e+02   4.4461041e+02
   5.2700000e+02   4.4190840e+02
   5.2800000e+02   4.3903663e+02
   5.2900000e+02   4.3615386e+02
   5.3000000e+02   4.3353819e+02
   5.3100000e+02   4.3115836e+02
   5.3200000e+02   4.2907244e+02
   5.3300000e+02   4.2730221e+02
   5.3400000e+02   4.2575750e+02
   5.3500000e+02   4.2442931e+02
   5.3600000e+02   4.2329781e+02
   5.3700000e+02   4.2236420e+02
   5.3800000e+02   4.2160847e+02
   5.3900000e+02   4.2117502e+02
   5.4000000e+02   4.2108065e+02
   5.4100000e+02   4.2141858e+02
   5.4200000e+02   4.2237732e+02
   5.4300000e+02   4.2394698e+02
   5.4400000e+02   4.2626600e+02
   5.4500000e+02   4.2933521e+02
   5.4600000e+02   4.3308300e+02
   5.4700000e+02   4.3733466e+02
   5.4800000e+02   4.4187804e+02
   5.4900000e+02   4.4619009e+02
   5.5000000e+02   4.4985070e+02
   5.5100000e+02   4.5228739e+02
   5.5200000e+02   4.5305049e+02
   5.5300000e+02   4.5182477e+02
   5.5400000e+02   4.4873500e+02
   5.5500000e+02   4.4391964e+02
   5.5600000e+02   4.3794185e+02
   5.5700000e+02   4.3144585e+02
   5.5800000e+02   4.2487360e+02
   5.5900000e+02   4.1881813e+02
   5.6000000e+02   4.1368067e+02
   5.6100000e+02   4.0966721e+02
   5.6200000e+02   4.0705224e+02
   5.6300000e+02   4.0602569e+02
   5.6400000e+02   4.0664854e+02
   5.6500000e+02   4.0907071e+02
   5.6600000e+02   4.1341400e+02
   5.6700000e+02   4.1951116e+02
   5.6800000e+02   4.2732455e+02
   5.6900000e+02   4.3642890e+02
   5.7000000e+02   4.4604394e+02
   5.7100000e+02   4.5523698e+02
   5.7200000e+02   4.6284389e+02
   5.7300000e+02   4.6744692e+02
   5.7400000e+02   4.6846771e+02
   5.7500000e+02   4.6558497e+02
   5.7600000e+02   4.5922100e+02
   5.7700000e+02   4.5052665e+02
   5.7800000e+02   4.4057064e+02
   5.7900000e+02   4.3036224e+02
   5.8000000e+02   4.2084434e+02
   5.8100000e+02   4.1249147e+02
   5.8200000e+02   4.0557665e+02
   5.8300000e+02   4.0042638e+02
   5.8400000e+02   3.9710501e+02
   5.8500000e+02   3.9569474e+02
   5.8600000e+02   3.9648622e+02
   5.8700000e+02   3.9951021e+02
   5.8800000e+02   4.0495195e+02
   5.8900000e+02   4.1291913e+02
   5.9000000e+02   4.2322645e+02
   5.9100000e+02   4.3535378e+02
   5.9200000e+02   4.4841010e+02
   5.9300000e+02   4.6074417e+02
   5.9400000e+02   4.7041817e+02
   5.9500000e+02   4.7575393e+02
   5.9600000e+02   4.7558940e+02
   5.9700000e+02   4.7017778e+02
   5.9800000e+02   4.6081787e+02
   5.9900000e+02   4.4923542e+02
   6.0000000e+02   4.3702539e+02
   6.0100000e+02   4.2565428e+02
   6.0200000e+02   4.1566584e+02
   6.0300000e+02   4.0758864e+02
   6.0400000e+02   4.0160250e+02
   6.0500000e+02   3.9773509e+02
   6.0600000e+02   3.9600509e+02
   6.0700000e+02   3.9660868e+02
   6.0800000e+02   3.9941434e+02
   6.0900000e+02   4.0455263e+02
   6.1000000e+02   4.1199288e+02
   6.1100000e+02   4.2132744e+02
   6.1200000e+02   4.3205597e+02
   6.1300000e+02   4.4330453e+02
   6.1400000e+02   4.5361512e+02
   6.1500000e+02   4.6171779e+02
   6.1600000e+02   4.6649283e+02
   6.1700000e+02   4.6719250e+02
   6.1800000e+02   4.6415848e+02
   6.1900000e+02   4.5829043e+02
   6.2000000e+02   4.5045880e+02
   6.2100000e+02   4.4207678e+02
   6.2200000e+02   4.3388229e+02
   6.2300000e+02   4.2649780e+02
   6.2400000e+02   4.2032758e+02
   6.2500000e+02   4.1564079e+02
   6.2600000e+02   4.1232295e+02
   6.2700000e+02   4.1060931e+02
   6.2800000e+02   4.1033567e+02
   6.2900000e+02   4.1139579e+02
   6.3000000e+02   4.1374653e+02
   6.3100000e+02   4.1715034e+02
   6.3200000e+02   4.2126452e+02
   6.3300000e+02   4.2588063e+02
   6.3400000e+02   4.3059455e+02
   6.3500000e+02   4.3491742e+02
   6.3600000e+02   4.3876715e+02
   6.3700000e+02   4.4173173e+02
   6.3800000e+02   4.4378634e+02
   6.3900000e+02   4.4497187e+02
   6.4000000e+02   4.4542357e+02
   6.4100000e+02   4.4513889e+02
   6.4200000e+02   4.4450005e+02
   6.4300000e+02   4.4345166e+02
   6.4400000e+02   4.4208436e+02
   6.4500000e+02   4.4052876e+02
   6.4600000e+02   4.3867315e+02
   6.4700000e+02   4.3646694e+02
   6.4800000e+02   4.3406304e+02
   6.4900000e+02   4.3129825e+02
   6.5000000e+02   4.2833036e+02
   6.5100000e+02   4.2530958e+02
   6.5200000e+02   4.2233576e+02
   6.5300000e+02   4.1957342e+02
   6.5400000e+02   4.1735814e+02
   6.5500000e+02   4.1571925e+02
   6.5600000e+02   4.1495329e+02
   6.5700000e+02   4.1522710e+02
   6.5800000e+02   4.1666354e+02
   6.5900000e+02   4.1929532e+02
   6.6000000e+02   4.2334412e+02
   6.6100000e+02   4.2850634e+02
   6.6200000e+02   4.3467556e+02
   6.6300000e+02   4.4148136e+02
   6.6400000e+02   4.4815060e+02
   6.6500000e+02   4.5396391e+02
   6.6600000e+02   4.5814148e+02
   6.6700000e+02   4.5976801e+02
   6.6800000e+02   4.5862858e+02
   6.6900000e+02   4.5476892e+02
   6.7000000e+02   4.4862706e+02
   6.7100000e+02   4.4102465e+02
   6.7200000e+02   4.3288523e+02
   6.7300000e+02   4.2481777e+02
   6.7400000e+02   4.1754398e+02
   6.7500000e+02   4.1147718e+02
   6.7600000e+02   4.0680463e+02
   6.7700000e+02   4.0383691e+02
   6.7800000e+02   4.0270504e+02
   6.7900000e+02   4.0343860e+02
   6.8000000e+02   4.0629413e+02
   6.8100000e+02   4.1124095e+02
   6.8200000e+02   4.1817425e+02
   6.8300000e+02   4.2697652e+02
   6.8400000e+02   4.3697844e+02
   6.8500000e+02   4.4733049e+02
   6.8600000e+02   4.5677283e+02
   6.8700000e+02   4.6398929e+02
   6.8800000e+02   4.6761175e+02
   6.8900000e+02   4.6727384e+02
   6.9000000e+02   4.6298350e+02
   6.9100000e+02   4.5568376e+02
   6.9200000e+02   4.4655288e+02
   6.9300000e+02   4.3682185e+02
   6.9400000e+02   4.2737702e+02
   6.9500000e+02   4.1898720e+02
   6.9600000e+02   4.1196209e+02
   6.9700000e+02   4.0657732e+02
   6.9800000e+02   4.0296365e+02
   6.9900000e+02   4.0118117e+02
   7.0000000e+02   4.0131059e+02
   7.0100000e+02   4.0344330e+02
   7.0200000e+02   4.0760680e+02
   7.0300000e+02   4.1369375e+02
   7.0400000e+02   4.2161373e+02
   7.0500000e+02   4.3085981e+02
   7.0600000e+02   4.4063353e+02
   7.0700000e+02   4.5007961e+02
   7.0800000e+02   4.5774143e+02
   7.0900000e+02   4.6261534e+02
   7.1000000e+02   4.6393930e+02
   7.1100000e+02   4.6164963e+02
   7.1200000e+02   4.5623947e+02
   7.1300000e+02   4.4884268e+02
   7.1400000e+02   4.4042934e+02
   7.1500000e+02   4.3206470e+02
   7.1600000e+02   4.2445365e+02
   7.1700000e+02   4.1809672e+02
   7.1800000e+02   4.1327187e+02
   7.1900000e+02   4.1020527e+02
   7.2000000e+02   4.0892121e+02
   7.2100000e+02   4.0948407e+02
   7.2200000e+02   4.1190346e+02
   7.2300000e+02   4.1594349e+02
   7.2400000e+02   4.2146493e+02
   7.2500000e+02   4.2795114e+02
   7.2600000e+02   4.3478472e+02
   7.2700000e+02   4.4120949e+02
   7.2800000e+02   4.4639263e+02
   7.2900000e+02   4.4967050e+02
   7.3000000e+02   4.5068778e+02
   7.3100000e+02   4.4949208e+02
   7.3200000e+02   4.4649584e+02
   7.3300000e+02   4.4227507e+02
   7.3400000e+02   4.3753893e+02
   7.3500000e+02   4.3289325e+02
   7.3600000e+02   4.2876901e+02
   7.3700000e+02   4.2555850e+02
   7.3800000e+02   4.2341138e+02
   7.3900000e+02   4.2244113e+02
   7.4000000e+02   4.2265835e+02
   7.4100000e+02   4.2393536e+02
   7.4200000e+02   4.2610506e+02
   7.4300000e+02   4.2886699e+02
   7.4400000e+02   4.3185914e+02
   7.4500000e+02   4.3463497e+02
   7.4600000e+02   4.3681472e+02
   7.4700000e+02   4.3803284e+02
   7.4800000e+02   4.3812824e+02
   7.4900000e+02   4.3713554e+02
   7.5000000e+02   4.3521492e+02
   7.5100000e+02   4.3272154e+02
   7.5200000e+02   4.3004190e+02
   7.5300000e+02   4.2757374e+02
   7.5400000e+02   4.2563731e+02
   7.5500000e+02   4.2453389e+02
   7.5600000e+02   4.2444428e+02
   7.5700000e+02   4.2543991e+02
   7.5800000e+02   4.2753981e+02
   7.5900000e+02   4.3056567e+02
   7.6000000e+02   4.3426831e+02
   7.6100000e+02   4.3819877e+02
   7.6200000e+02   4.4185382e+02
   7.6300000e+02   4.4457312e+02
   7.6400000e+02   4.4600122e+02
   7.6500000e+02   4.4568005e+02
   7.6600000e+02   4.4370397e+02
   7.6700000e+02   4.4026238e+02
   7.6800000e+02   4.3586494e+02
   7.6900000e+02   4.3097802e+02
   7.7000000e+02   4.2626557e+02
   7.7100000e+02   4.2209350e+02
   7.7200000e+02   4.1882434e+02
   7.7300000e+02   4.1679733e+02
   7.7400000e+02   4.1607988e+02
   7.7500000e+02   4.1681120e+02
   7.7600000e+02   4.1901990e+02
   7.7700000e+02   4.2256246e+02
   7.7800000e+02   4.2723100e+02
   7.7900000e+02   4.3268232e+02
   7.8000000e+02   4.3833001e+02
   7.8100000e+02   4.4352940e+02
   7.8200000e+02   4.4766015e+02
   7.8300000e+02   4.5001378e+02
   7.8400000e+02   4.5037661e+02
   7.8500000e+02   4.4869503e+02
   7.8600000e+02   4.4530627e+02
   7.8700000e+02   4.4065515e+02
   7.8800000e+02   4.3552599e+02
   7.8900000e+02   4.3026878e+02
   7.9000000e+02   4.2554403e+02
   7.9100000e+02   4.2166363e+02
   7.9200000e+02   4.1883800e+02
   7.9300000e+02   4.1727902e+02
   7.9400000e+02   4.1709241e+02
   7.9500000e+02   4.1821848e+02
   7.9600000e+02   4.2063846e+02
   7.9700000e+02   4.2421659e+02
   7.9800000e+02   4.2853286e+02
   7.9900000e+02   4.3329823e+02
   8.0000000e+02   4.3790112e+02
   8.0100000e+02   4.4177322e+02
   8.0200000e+02   4.4439092e+02
   8.0300000e+02   4.4550412e+02
   8.0400000e+02   4.4479518e+02
   8.0500000e+02   4.4270214e+02
   8.0600000e+02   4.3946077e+02
   8.0700000e+02   4.3556852e+02
   8.0800000e+02   4.3162435e+02
   8.0900000e+02   4.2802717e+02
   8.1000000e+02   4.2509238e+02
   8.1100000e+02   4.2317807e+02
   8.1200000e+02   4.2235916e+02
   8.1300000e+02   4.2269912e+02
   8.1400000e+02   4.2421781e+02
   8.1500000e+02   4.2678678e+02
   8.1600000e+02   4.3006497e+02
   8.1700000e+02   4.3387075e+02
   8.1800000e+02   4.3761766e+02
   8.1900000e+02   4.4081849e+02
   8.2000000e+02   4.4304673e+02
   8.2100000e+02   4.4392587e+02
   8.2200000e+02   4.4315987e+02
   8.2300000e+02   4.4107773e+02
   8.2400000e+02   4.3771226e+02
   8.2500000e+02   4.3360211e+02
   8.2600000e+02   4.2925606e+02
   8.2700000e+02   4.2508337e+02
   8.2800000e+02   4.2143423e+02
   8.2900000e+02   4.1879305e+02
   8.3000000e+02   4.1724548e+02
   8.3100000e+02   4.1703600e+02
   8.3200000e+02   4.1836214e+02
   8.3300000e+02   4.2115211e+02
   8.3400000e+02   4.2534783e+02
   8.3500000e+02   4.3089499e+02
   8.3600000e+02   4.3712529e+02
   8.3700000e+02   4.4357734e+02
   8.3800000e+02   4.4939811e+02
   8.3900000e+02   4.5357106e+02
   8.4000000e+02   4.5541181e+02
   8.4100000e+02   4.5453828e+02
   8.4200000e+02   4.5087676e+02
   8.4300000e+02   4.4505977e+02
   8.4400000e+02   4.3792668e+02
   8.4500000e+02   4.3020992e+02
   8.4600000e+02   4.2280732e+02
   8.4700000e+02   4.1630439e+02
   8.4800000e+02   4.1105260e+02
   8.4900000e+02   4.0737454e+02
   8.5000000e+02   4.0558957e+02
   8.5100000e+02   4.0561840e+02
   8.5200000e+02   4.0785520e+02
   8.5300000e+02   4.1221205e+02
   8.5400000e+02   4.1867575e+02
   8.5500000e+02   4.2703480e+02
   8.5600000e+02   4.3683197e+02
   8.5700000e+02   4.4695450e+02
   8.5800000e+02   4.5631652e+02
   8.5900000e+02   4.6335984e+02
   8.6000000e+02   4.6676335e+02
   8.6100000e+02   4.6599673e+02
   8.6200000e+02   4.6127547e+02
   8.6300000e+02   4.5341678e+02
   8.6400000e+02   4.4388945e+02
   8.6500000e+02   4.3390718e+02
   8.6600000e+02   4.2435388e+02
   8.6700000e+02   4.1607955e+02
   8.6800000e+02   4.0938302e+02
   8.6900000e+02   4.0439525e+02
   8.7000000e+02   4.0148117e+02
   8.7100000e+02   4.0051923e+02
   8.7200000e+02   4.0169563e+02
   8.7300000e+02   4.0508453e+02
   8.7400000e+02   4.1067931e+02
   8.7500000e+02   4.1819590e+02
   8.7600000e+02   4.2752137e+02
   8.7700000e+02   4.3766149e+02
   8.7800000e+02   4.4766974e+02
   8.7900000e+02   4.5627199e+02
   8.8000000e+02   4.6207533e+02
   8.8100000e+02   4.6421916e+02
   8.8200000e+02   4.6266161e+02
   8.8300000e+02   4.5778167e+02
   8.8400000e+02   4.5066451e+02
   8.8500000e+02   4.4259390e+02
   8.8600000e+02   4.3439188e+02
   8.8700000e+02   4.2698526e+02
   8.8800000e+02   4.2077150e+02
   8.8900000e+02   4.1606279e+02
   8.9000000e+02   4.1289488e+02
   8.9100000e+02   4.1146760e+02
   8.9200000e+02   4.1154509e+02
   8.9300000e+02   4.1312607e+02
   8.9400000e+02   4.1605090e+02
   8.9500000e+02   4.1994108e+02
   8.9600000e+02   4.2450531e+02
   8.9700000e+02   4.2937449e+02
   8.9800000e+02   4.3393920e+02
   8.9900000e+02   4.3788901e+02
   9.0000000e+02   4.4093853e+02
   9.0100000e+02   4.4280555e+02
   9.0200000e+02   4.4363741e+02
   9.0300000e+02   4.4360002e+02
   9.0400000e+02   4.4280872e+02
   9.0500000e+02   4.4169985e+02
   9.0600000e+02   4.4045306e+02
   9.0700000e+02   4.3922226e+02
   9.0800000e+02   4.3813682e+02
   9.0900000e+02   4.3728706e+02
   9.1000000e+02   4.3642939e+02
   9.1100000e+02   4.3566412e+02
   9.1200000e+02   4.3472868e+02
   9.1300000e+02   4.3348767e+02
   9.1400000e+02   4.3189075e+02
   9.1500000e+02   4.2990137e+02
   9.1600000e+02   4.2748610e+02
   9.1700000e+02   4.2489687e+02
   9.1800000e+02   4.2226884e+02
   9.1900000e+02   4.1979998e+02
   9.2000000e+02   4.1784837e+02
   9.2100000e+02   4.1663802e+02
   9.2200000e+02   4.1632162e+02
   9.2300000e+02   4.1727114e+02
   9.2400000e+02   4.1952866e+02
   9.2500000e+02   4.2316276e+02
   9.2600000e+02   4.2827137e+02
   9.2700000e+02   4.3457315e+02
   9.2800000e+02   4.4159781e+02
   9.2900000e+02   4.4886889e+02
   9.3000000e+02   4.5525633e+02
   9.3100000e+02   4.5986353e+02
   9.3200000e+02   4.6180341e+02
   9.3300000e+02   4.6052498e+02
   9.3400000e+02   4.5608936e+02
   9.3500000e+02   4.4914227e+02
   9.3600000e+02   4.4056852e+02
   9.3700000e+02   4.3132178e+02
   9.3800000e+02   4.2236258e+02
   9.3900000e+02   4.1420511e+02
   9.4000000e+02   4.0737272e+02
   9.4100000e+02   4.0209948e+02
   9.4200000e+02   3.9857516e+02
   9.4300000e+02   3.9694909e+02
   9.4400000e+02   3.9743115e+02
   9.4500000e+02   4.0012129e+02
   9.4600000e+02   4.0524406e+02
   9.4700000e+02   4.1293181e+02
   9.4800000e+02   4.2303290e+02
   9.4900000e+02   4.3527166e+02
   9.5000000e+02   4.4871114e+02
   9.5100000e+02   4.6192419e+02
   9.5200000e+02   4.7284464e+02
   9.5300000e+02   4.7954603e+02
   9.5400000e+02   4.8046830e+02
   9.5500000e+02   4.7553968e+02
   9.5600000e+02   4.6581627e+02
   9.5700000e+02   4.5317163e+02
   9.5800000e+02   4.3950285e+02
   9.5900000e+02   4.2626112e+02
   9.6000000e+02   4.1449010e+02
   9.6100000e+02   4.0454516e+02
   9.6200000e+02   3.9678368e+02
   9.6300000e+02   3.9117751e+02
   9.6400000e+02   3.8784982e+02
   9.6500000e+02   3.8690251e+02
   9.6600000e+02   3.8851875e+02
   9.6700000e+02   3.9292688e+02
   9.6800000e+02   4.0046627e+02
   9.6900000e+02   4.1109635e+02
   9.7000000e+02   4.2484791e+02
   9.7100000e+02   4.4088375e+02
   9.7200000e+02   4.5758114e+02
   9.7300000e+02   4.7261821e+02
   9.7400000e+02   4.8296296e+02
   9.7500000e+02   4.8643211e+02
   9.7600000e+02   4.8246534e+02
   9.7700000e+02   4.7243342e+02
   9.7800000e+02   4.5877213e+02
   9.7900000e+02   4.4397767e+02
   9.8000000e+02   4.2989071e+02
   9.8100000e+02   4.1758837e+02
   9.8200000e+02   4.0752284e+02
   9.8300000e+02   3.9984375e+02
   9.8400000e+02   3.9455535e+02
   9.8500000e+02   3.9156109e+02
   9.8600000e+02   3.9093719e+02
   9.8700000e+02   3.9265463e+02
   9.8800000e+02   3.9684622e+02
   9.8900000e+02   4.0343765e+02
   9.9000000e+02   4.1238125e+02
   9.9100000e+02   4.2321847e+02
   9.9200000e+02   4.3525676e+02
   9.9300000e+02   4.4728740e+02
   9.9400000e+02   4.5782879e+02
   9.9500000e+02   4.6546324e+02
   9.9600000e+02   4.6908681e+02
   9.9700000e+02   4.6847821e+02
   9.9800000e+02   4.6422393e+02
   9.9900000e+02   4.5734641e+02
   1.0000000e+03   4.4909831e+02
