  -0.0000000e+00   4.0909300e-01
   1.0000000e+00   4.1135300e-01
   2.0000000e+00   4.1355500e-01
   3.0000000e+00   4.1563900e-01
   4.0000000e+00   4.1755500e-01
   5.0000000e+00   4.1924700e-01
   6.0000000e+00   4.2066700e-01
   7.0000000e+00   4.2177700e-01
   8.0000000e+00   4.2253600e-01
   9.0000000e+00   4.2291800e-01
   1.0000000e+01   4.2290600e-01
   1.1000000e+01   4.2248600e-01
   1.2000000e+01   4.2165800e-01
   1.3000000e+01   4.2043600e-01
   1.4000000e+01   4.1883500e-01
   1.5000000e+01   4.1688700e-01
   1.6000000e+01   4.1463400e-01
   1.7000000e+01   4.1212300e-01
   1.8000000e+01   4.0941300e-01
   1.9000000e+01   4.0657700e-01
   2.0000000e+01   4.0367700e-01
   2.1000000e+01   4.0080000e-01
   2.2000000e+01   3.9802700e-01
   2.3000000e+01   3.9543300e-01
   2.4000000e+01   3.9310100e-01
   2.5000000e+01   3.9110800e-01
   2.6000000e+01   3.8951000e-01
   2.7000000e+01   3.8836800e-01
   2.8000000e+01   3.8772100e-01
   2.9000000e+01   3.8758900e-01
   3.0000000e+01   3.8798500e-01
   3.1000000e+01   3.8889800e-01
   3.2000000e+01   3.9029700e-01
   3.3000000e+01   3.9214800e-01
   3.4000000e+01   3.9439100e-01
   3.5000000e+01   3.9695500e-01
   3.6000000e+01   3.9977600e-01
   3.7000000e+01   4.0276800e-01
   3.8000000e+01   4.0584900e-01
   3.9000000e+01   4.0894300e-01
   4.0000000e+01   4.1197000e-01
   4.1000000e+01   4.1485300e-01
   4.2000000e+01   4.1753200e-01
   4.3000000e+01   4.1994000e-01
   4.4000000e+01   4.2202500e-01
   4.5000000e+01   4.2374900e-01
   4.6000000e+01   4.2507300e-01
   4.7000000e+01   4.2597200e-01
   4.8000000e+01   4.2644000e-01
   4.9000000e+01   4.2646500e-01
   5.0000000e+01   4.2605800e-01
   5.1000000e+01   4.2523800e-01
   5.2000000e+01   4.2402800e-01
   5.3000000e+01   4.2246100e-01
   5.4000000e+01   4.2058000e-01
   5.5000000e+01   4.1842700e-01
   5.6000000e+01   4.1605600e-01
   5.7000000e+01   4.1352000e-01
   5.8000000e+01   4.1087300e-01
   5.9000000e+01   4.0817800e-01
   6.0000000e+01   4.0549100e-01
   6.1000000e+01   4.0286800e-01
   6.2000000e+01   4.0036800e-01
   6.3000000e+01   3.9804400e-01
   6.4000000e+01   3.9594100e-01
   6.5000000e+01   3.9410600e-01
   6.6000000e+01   3.9257500e-01
   6.7000000e+01   3.9137400e-01
   6.8000000e+01   3.9052600e-01
   6.9000000e+01   3.9004600e-01
   7.0000000e+01   3.8993200e-01
   7.1000000e+01   3.9018600e-01
   7.2000000e+01   3.9079200e-01
   7.3000000e+01   3.9173000e-01
   7.4000000e+01   3.9297400e-01
   7.5000000e+01   3.9449400e-01
   7.6000000e+01   3.9625100e-01
   7.7000000e+01   3.9821100e-01
   7.8000000e+01   4.0033100e-01
   7.9000000e+01   4.0256800e-01
   8.0000000e+01   4.0488200e-01
   8.1000000e+01   4.0722900e-01
   8.2000000e+01   4.0956300e-01
   8.3000000e+01   4.1184300e-01
   8.4000000e+01   4.1402600e-01
   8.5000000e+01   4.1606800e-01
   8.6000000e+01   4.1793400e-01
   8.7000000e+01   4.1958600e-01
   8.8000000e+01   4.2098900e-01
   8.9000000e+01   4.2211600e-01
   9.0000000e+01   4.2294400e-01
   9.1000000e+01   4.2344700e-01
   9.2000000e+01   4.2361600e-01
   9.3000000e+01   4.2343700e-01
   9.4000000e+01   4.2290700e-01
   9.5000000e+01   4.2202900e-01
   9.6000000e+01   4.2081400e-01
   9.7000000e+01   4.1927500e-01
   9.8000000e+01   4.1744200e-01
   9.9000000e+01   4.1534600e-01
   1.0000000e+02   4.1302700e-01
   1.0100000e+02   4.1053600e-01
   1.0200000e+02   4.0793000e-01
   1.0300000e+02   4.0526700e-01
   1.0400000e+02   4.0261700e-01
   1.0500000e+02   4.0004500e-01
   1.0600000e+02   3.9762200e-01
   1.0700000e+02   3.9542000e-01
   1.0800000e+02   3.9350000e-01
   1.0900000e+02   3.9192300e-01
   1.1000000e+02   3.9074500e-01
   1.1100000e+02   3.9000200e-01
   1.1200000e+02   3.8972300e-01
   1.1300000e+02   3.8992800e-01
   1.1400000e+02   3.9060900e-01
   1.1500000e+02   3.9175200e-01
   1.1600000e+02   3.9333000e-01
   1.1700000e+02   3.9529100e-01
   1.1800000e+02   3.9757800e-01
   1.1900000e+02   4.0013000e-01
   1.2000000e+02   4.0286100e-01
   1.2100000e+02   4.0569800e-01
   1.2200000e+02   4.0855800e-01
   1.2300000e+02   4.1135500e-01
   1.2400000e+02   4.1401400e-01
   1.2500000e+02   4.1646400e-01
   1.2600000e+02   4.1863100e-01
   1.2700000e+02   4.2046700e-01
   1.2800000e+02   4.2192200e-01
   1.2900000e+02   4.2295600e-01
   1.3000000e+02   4.2354800e-01
   1.3100000e+02   4.2368300e-01
   1.3200000e+02   4.2335600e-01
   1.3300000e+02   4.2258300e-01
   1.3400000e+02   4.2138400e-01
   1.3500000e+02   4.1979000e-01
   1.3600000e+02   4.1785200e-01
   1.3700000e+02   4.1562200e-01
   1.3800000e+02   4.1316200e-01
   1.3900000e+02   4.1054900e-01
   1.4000000e+02   4.0785000e-01
   1.4100000e+02   4.0514400e-01
   1.4200000e+02   4.0251400e-01
   1.4300000e+02   4.0002600e-01
   1.4400000e+02   3.9775600e-01
   1.4500000e+02   3.9577100e-01
   1.4600000e+02   3.9412200e-01
   1.4700000e+02   3.9285900e-01
   1.4800000e+02   3.9202000e-01
   1.4900000e+02   3.9161900e-01
   1.5000000e+02   3.9167000e-01
   1.5100000e+02   3.9216300e-01
   1.5200000e+02   3.9307300e-01
   1.5300000e+02   3.9436600e-01
   1.5400000e+02   3.9599700e-01
   1.5500000e+02   3.9790100e-01
   1.5600000e+02   4.0002300e-01
   1.5700000e+02   4.0229000e-01
   1.5800000e+02   4.0463600e-01
   1.5900000e+02   4.0699700e-01
   1.6000000e+02   4.0930900e-01
   1.6100000e+02   4.1151700e-01
   1.6200000e+02   4.1357300e-01
   1.6300000e+02   4.1543300e-01
   1.6400000e+02   4.1706100e-01
   1.6500000e+02   4.1843400e-01
   1.6600000e+02   4.1952600e-01
   1.6700000e+02   4.2032500e-01
   1.6800000e+02   4.2082200e-01
   1.6900000e+02   4.2101200e-01
   1.7000000e+02   4.2089800e-01
   1.7100000e+02   4.2049000e-01
   1.7200000e+02   4.1979400e-01
   1.7300000e+02   4.1883000e-01
   1.7400000e+02   4.1762100e-01
   1.7500000e+02   4.1619100e-01
   1.7600000e+02   4.1456900e-01
   1.7700000e+02   4.1279200e-01
   1.7800000e+02   4.1089200e-01
   1.7900000e+02   4.0890800e-01
   1.8000000e+02   4.0687700e-01
   1.8100000e+02   4.0483600e-01
   1.8200000e+02   4.0282100e-01
   1.8300000e+02   4.0087100e-01
   1.8400000e+02   3.9902100e-01
   1.8500000e+02   3.9730700e-01
   1.8600000e+02   3.9576400e-01
   1.8700000e+02   3.9442500e-01
   1.8800000e+02   3.9332200e-01
   1.8900000e+02   3.9248400e-01
   1.9000000e+02   3.9193500e-01
   1.9100000e+02   3.9169600e-01
   1.9200000e+02   3.9178400e-01
   1.9300000e+02   3.9220500e-01
   1.9400000e+02   3.9296300e-01
   1.9500000e+02   3.9405300e-01
   1.9600000e+02   3.9546000e-01
   1.9700000e+02   3.9716300e-01
   1.9800000e+02   3.9913600e-01
   1.9900000e+02   4.0133600e-01
   2.0000000e+02   4.0372500e-01
   2.0100000e+02   4.0625200e-01
   2.0200000e+02   4.0886000e-01
   2.0300000e+02   4.1149300e-01
   2.0400000e+02   4.1409400e-01
   2.0500000e+02   4.1659500e-01
   2.0600000e+02   4.1894000e-01
   2.0700000e+02   4.2107400e-01
   2.0800000e+02   4.2293700e-01
   2.0900000e+02   4.2448200e-01
   2.1000000e+02   4.2566800e-01
   2.1100000e+02   4.2645300e-01
   2.1200000e+02   4.2681300e-01
   2.1300000e+02   4.2673000e-01
   2.1400000e+02   4.2618900e-01
   2.1500000e+02   4.2519700e-01
   2.1600000e+02   4.2376200e-01
   2.1700000e+02   4.2190400e-01
   2.1800000e+02   4.1965900e-01
   2.1900000e+02   4.1707100e-01
   2.2000000e+02   4.1418600e-01
   2.2100000e+02   4.1107800e-01
   2.2200000e+02   4.0781300e-01
   2.2300000e+02   4.0446900e-01
   2.2400000e+02   4.0114200e-01
   2.2500000e+02   3.9791800e-01
   2.2600000e+02   3.9488700e-01
   2.2700000e+02   3.9214800e-01
   2.2800000e+02   3.8977900e-01
   2.2900000e+02   3.8785400e-01
   2.3000000e+02   3.8644200e-01
   2.3100000e+02   3.8558300e-01
   2.3200000e+02   3.8530200e-01
   2.3300000e+02   3.8561700e-01
   2.3400000e+02   3.8650500e-01
   2.3500000e+02   3.8794000e-01
   2.3600000e+02   3.8988000e-01
   2.3700000e+02   3.9225300e-01
   2.3800000e+02   3.9498700e-01
   2.3900000e+02   3.9800200e-01
   2.4000000e+02   4.0120000e-01
   2.4100000e+02   4.0449300e-01
   2.4200000e+02   4.0779100e-01
   2.4300000e+02   4.1100000e-01
   2.4400000e+02   4.1404600e-01
   2.4500000e+02   4.1685500e-01
   2.4600000e+02   4.1935900e-01
   2.4700000e+02   4.2151200e-01
   2.4800000e+02   4.2327300e-01
   2.4900000e+02   4.2460600e-01
   2.5000000e+02   4.2550100e-01
   2.5100000e+02   4.2594800e-01
   2.5200000e+02   4.2594500e-01
   2.5300000e+02   4.2550900e-01
   2.5400000e+02   4.2466200e-01
   2.5500000e+02   4.2342800e-01
   2.5600000e+02   4.2185400e-01
   2.5700000e+02   4.1997600e-01
   2.5800000e+02   4.1784800e-01
   2.5900000e+02   4.1553100e-01
   2.6000000e+02   4.1308100e-01
   2.6100000e+02   4.1056000e-01
   2.6200000e+02   4.0804100e-01
   2.6300000e+02   4.0557800e-01
   2.6400000e+02   4.0323300e-01
   2.6500000e+02   4.0106100e-01
   2.6600000e+02   3.9910600e-01
   2.6700000e+02   3.9740400e-01
   2.6800000e+02   3.9598700e-01
   2.6900000e+02   3.9486900e-01
   2.7000000e+02   3.9406400e-01
   2.7100000e+02   3.9357700e-01
   2.7200000e+02   3.9340100e-01
   2.7300000e+02   3.9353000e-01
   2.7400000e+02   3.9395100e-01
   2.7500000e+02   3.9464500e-01
   2.7600000e+02   3.9558900e-01
   2.7700000e+02   3.9675800e-01
   2.7800000e+02   3.9811900e-01
   2.7900000e+02   3.9963900e-01
   2.8000000e+02   4.0128100e-01
   2.8100000e+02   4.0300600e-01
   2.8200000e+02   4.0477500e-01
   2.8300000e+02   4.0655500e-01
   2.8400000e+02   4.0830700e-01
   2.8500000e+02   4.1000200e-01
   2.8600000e+02   4.1160700e-01
   2.8700000e+02   4.1309900e-01
   2.8800000e+02   4.1444900e-01
   2.8900000e+02   4.1564100e-01
   2.9000000e+02   4.1665000e-01
   2.9100000e+02   4.1745900e-01
   2.9200000e+02   4.1805300e-01
   2.9300000e+02   4.1841600e-01
   2.9400000e+02   4.1853700e-01
   2.9500000e+02   4.1840900e-01
   2.9600000e+02   4.1802500e-01
   2.9700000e+02   4.1738600e-01
   2.9800000e+02   4.1649800e-01
   2.9900000e+02   4.1537200e-01
   3.0000000e+02   4.1402400e-01
   3.0100000e+02   4.1248100e-01
   3.0200000e+02   4.1077200e-01
   3.0300000e+02   4.0893100e-01
   3.0400000e+02   4.0700300e-01
   3.0500000e+02   4.0502900e-01
   3.0600000e+02   4.0306200e-01
   3.0700000e+02   4.0115200e-01
   3.0800000e+02   3.9935100e-01
   3.0900000e+02   3.9771200e-01
   3.1000000e+02   3.9628900e-01
   3.1100000e+02   3.9512800e-01
   3.1200000e+02   3.9427600e-01
   3.1300000e+02   3.9376700e-01
   3.1400000e+02   3.9362700e-01
   3.1500000e+02   3.9387400e-01
   3.1600000e+02   3.9451200e-01
   3.1700000e+02   3.9552600e-01
   3.1800000e+02   3.9689900e-01
   3.1900000e+02   3.9859200e-01
   3.2000000e+02   4.0056200e-01
   3.2100000e+02   4.0275600e-01
   3.2200000e+02   4.0511100e-01
   3.2300000e+02   4.0756100e-01
   3.2400000e+02   4.1004300e-01
   3.2500000e+02   4.1248200e-01
   3.2600000e+02   4.1481200e-01
   3.2700000e+02   4.1697200e-01
   3.2800000e+02   4.1889200e-01
   3.2900000e+02   4.2052000e-01
   3.3000000e+02   4.2181100e-01
   3.3100000e+02   4.2272000e-01
   3.3200000e+02   4.2322100e-01
   3.3300000e+02   4.2329800e-01
   3.3400000e+02   4.2293700e-01
   3.3500000e+02   4.2214900e-01
   3.3600000e+02   4.2094800e-01
   3.3700000e+02   4.1935900e-01
   3.3800000e+02   4.1742200e-01
   3.3900000e+02   4.1518500e-01
   3.4000000e+02   4.1269900e-01
   3.4100000e+02   4.1003400e-01
   3.4200000e+02   4.0725700e-01
   3.4300000e+02   4.0444100e-01
   3.4400000e+02   4.0166700e-01
   3.4500000e+02   3.9901100e-01
   3.4600000e+02   3.9654500e-01
   3.4700000e+02   3.9435000e-01
   3.4800000e+02   3.9248500e-01
   3.4900000e+02   3.9100600e-01
   3.5000000e+02   3.8996400e-01
   3.5100000e+02   3.8938400e-01
   3.5200000e+02   3.8928000e-01
   3.5300000e+02   3.8966000e-01
   3.5400000e+02   3.9049900e-01
   3.5500000e+02   3.9176800e-01
   3.5600000e+02   3.9342700e-01
   3.5700000e+02   3.9541800e-01
   3.5800000e+02   3.9768100e-01
   3.5900000e+02   4.0015200e-01
   3.6000000e+02   4.0276200e-01
   3.6100000e+02   4.0544200e-01
   3.6200000e+02   4.0813000e-01
   3.6300000e+02   4.1075500e-01
   3.6400000e+02   4.1326400e-01
   3.6500000e+02   4.1560100e-01
   3.6600000e+02   4.1771200e-01
   3.6700000e+02   4.1955800e-01
   3.6800000e+02   4.2110600e-01
   3.6900000e+02   4.2232400e-01
   3.7000000e+02   4.2319900e-01
   3.7100000e+02   4.2372000e-01
   3.7200000e+02   4.2388600e-01
   3.7300000e+02   4.2370600e-01
   3.7400000e+02   4.2319500e-01
   3.7500000e+02   4.2236800e-01
   3.7600000e+02   4.2125500e-01
   3.7700000e+02   4.1987900e-01
   3.7800000e+02   4.1826800e-01
   3.7900000e+02   4.1646100e-01
   3.8000000e+02   4.1448800e-01
   3.8100000e+02   4.1238500e-01
   3.8200000e+02   4.1019300e-01
   3.8300000e+02   4.0795300e-01
   3.8400000e+02   4.0570300e-01
   3.8500000e+02   4.0349100e-01
   3.8600000e+02   4.0135900e-01
   3.8700000e+02   3.9934600e-01
   3.8800000e+02   3.9749600e-01
   3.8900000e+02   3.9584500e-01
   3.9000000e+02   3.9442200e-01
   3.9100000e+02   3.9325900e-01
   3.9200000e+02   3.9237700e-01
   3.9300000e+02   3.9179100e-01
   3.9400000e+02   3.9151300e-01
   3.9500000e+02   3.9155000e-01
   3.9600000e+02   3.9189700e-01
   3.9700000e+02   3.9255800e-01
   3.9800000e+02   3.9351900e-01
   3.9900000e+02   3.9476300e-01
   4.0000000e+02   3.9627300e-01
   4.0100000e+02   3.9802100e-01
   4.0200000e+02   3.9997000e-01
   4.0300000e+02   4.0208400e-01
   4.0400000e+02   4.0431900e-01
   4.0500000e+02   4.0662200e-01
   4.0600000e+02   4.0894800e-01
   4.0700000e+02   4.1124700e-01
   4.0800000e+02   4.1346400e-01
   4.0900000e+02   4.1555700e-01
   4.1000000e+02   4.1748100e-01
   4.1100000e+02   4.1919400e-01
   4.1200000e+02   4.2066100e-01
   4.1300000e+02   4.2184800e-01
   4.1400000e+02   4.2272600e-01
   4.1500000e+02   4.2327300e-01
   4.1600000e+02   4.2347300e-01
   4.1700000e+02   4.2331200e-01
   4.1800000e+02   4.2279200e-01
   4.1900000e+02   4.2191200e-01
   4.2000000e+02   4.2068800e-01
   4.2100000e+02   4.1914700e-01
   4.2200000e+02   4.1731600e-01
   4.2300000e+02   4.1523400e-01
   4.2400000e+02   4.1295600e-01
   4.2500000e+02   4.1052700e-01
   4.2600000e+02   4.0801200e-01
   4.2700000e+02   4.0547500e-01
   4.2800000e+02   4.0297600e-01
   4.2900000e+02   4.0058400e-01
   4.3000000e+02   3.9836700e-01
   4.3100000e+02   3.9637700e-01
   4.3200000e+02   3.9467900e-01
   4.3300000e+02   3.9332000e-01
   4.3400000e+02   3.9233600e-01
   4.3500000e+02   3.9176000e-01
   4.3600000e+02   3.9160800e-01
   4.3700000e+02   3.9188000e-01
   4.3800000e+02   3.9256800e-01
   4.3900000e+02   3.9364800e-01
   4.4000000e+02   3.9507800e-01
   4.4100000e+02   3.9681700e-01
   4.4200000e+02   3.9880500e-01
   4.4300000e+02   4.0097400e-01
   4.4400000e+02   4.0326500e-01
   4.4500000e+02   4.0560600e-01
   4.4600000e+02   4.0792600e-01
   4.4700000e+02   4.1017100e-01
   4.4800000e+02   4.1227600e-01
   4.4900000e+02   4.1418900e-01
   4.5000000e+02   4.1586900e-01
   4.5100000e+02   4.1727600e-01
   4.5200000e+02   4.1837700e-01
   4.5300000e+02   4.1915600e-01
   4.5400000e+02   4.1959400e-01
   4.5500000e+02   4.1968700e-01
   4.5600000e+02   4.1944400e-01
   4.5700000e+02   4.1887300e-01
   4.5800000e+02   4.1799900e-01
   4.5900000e+02   4.1685400e-01
   4.6000000e+02   4.1547100e-01
   4.6100000e+02   4.1389500e-01
   4.6200000e+02   4.1217500e-01
   4.6300000e+02   4.1035800e-01
   4.6400000e+02   4.0849400e-01
   4.6500000e+02   4.0663700e-01
   4.6600000e+02   4.0483300e-01
   4.6700000e+02   4.0313200e-01
   4.6800000e+02   4.0157600e-01
   4.6900000e+02   4.0020200e-01
   4.7000000e+02   3.9904600e-01
   4.7100000e+02   3.9813200e-01
   4.7200000e+02   3.9748100e-01
   4.7300000e+02   3.9710300e-01
   4.7400000e+02   3.9700400e-01
   4.7500000e+02   3.9717600e-01
   4.7600000e+02   3.9760900e-01
   4.7700000e+02   3.9828100e-01
   4.7800000e+02   3.9917000e-01
   4.7900000e+02   4.0024400e-01
   4.8000000e+02   4.0147200e-01
   4.8100000e+02   4.0281500e-01
   4.8200000e+02   4.0424300e-01
   4.8300000e+02   4.0571400e-01
   4.8400000e+02   4.0719800e-01
   4.8500000e+02   4.0866100e-01
   4.8600000e+02   4.1007500e-01
   4.8700000e+02   4.1141000e-01
   4.8800000e+02   4.1264300e-01
   4.8900000e+02   4.1374700e-01
   4.9000000e+02   4.1470400e-01
   4.9100000e+02   4.1549600e-01
   4.9200000e+02   4.1610800e-01
   4.9300000e+02   4.1652600e-01
   4.9400000e+02   4.1674200e-01
   4.9500000e+02   4.1675200e-01
   4.9600000e+02   4.1655400e-01
   4.9700000e+02   4.1615200e-01
   4.9800000e+02   4.1555200e-01
   4.9900000e+02   4.1476300e-01
   5.0000000e+02   4.1379800e-01
   5.0100000e+02   4.1267200e-01
   5.0200000e+02   4.1139900e-01
   5.0300000e+02   4.1000300e-01
   5.0400000e+02   4.0850100e-01
   5.0500000e+02   4.0692200e-01
   5.0600000e+02   4.0529600e-01
   5.0700000e+02   4.0365300e-01
   5.0800000e+02   4.0203300e-01
   5.0900000e+02   4.0047500e-01
   5.1000000e+02   3.9901900e-01
   5.1100000e+02   3.9770600e-01
   5.1200000e+02   3.9657400e-01
   5.1300000e+02   3.9565700e-01
   5.1400000e+02   3.9498500e-01
   5.1500000e+02   3.9458500e-01
   5.1600000e+02   3.9447100e-01
   5.1700000e+02   3.9465700e-01
   5.1800000e+02   3.9514500e-01
   5.1900000e+02   3.9593100e-01
   5.2000000e+02   3.9700600e-01
   5.2100000e+02   3.9835200e-01
   5.2200000e+02   3.9994000e-01
   5.2300000e+02   4.0174100e-01
   5.2400000e+02   4.0371800e-01
   5.2500000e+02   4.0582000e-01
   5.2600000e+02   4.0800300e-01
   5.2700000e+02   4.1021100e-01
   5.2800000e+02   4.1238800e-01
   5.2900000e+02   4.1448000e-01
   5.3000000e+02   4.1643300e-01
   5.3100000e+02   4.1819300e-01
   5.3200000e+02   4.1972000e-01
   5.3300000e+02   4.2097300e-01
   5.3400000e+02   4.2191800e-01
   5.3500000e+02   4.2253600e-01
   5.3600000e+02   4.2280900e-01
   5.3700000e+02   4.2272600e-01
   5.3800000e+02   4.2229400e-01
   5.3900000e+02   4.2151100e-01
   5.4000000e+02   4.2039400e-01
   5.4100000e+02   4.1896500e-01
   5.4200000e+02   4.1724800e-01
   5.4300000e+02   4.1528300e-01
   5.4400000e+02   4.1311300e-01
   5.4500000e+02   4.1078500e-01
   5.4600000e+02   4.0835800e-01
   5.4700000e+02   4.0589600e-01
   5.4800000e+02   4.0345600e-01
   5.4900000e+02   4.0110600e-01
   5.5000000e+02   3.9891000e-01
   5.5100000e+02   3.9691800e-01
   5.5200000e+02   3.9518400e-01
   5.5300000e+02   3.9375300e-01
   5.5400000e+02   3.9265200e-01
   5.5500000e+02   3.9190900e-01
   5.5600000e+02   3.9154000e-01
   5.5700000e+02   3.9154100e-01
   5.5800000e+02   3.9191200e-01
   5.5900000e+02   3.9263700e-01
   5.6000000e+02   3.9368500e-01
   5.6100000e+02   3.9502900e-01
   5.6200000e+02   3.9662700e-01
   5.6300000e+02   3.9843000e-01
   5.6400000e+02   4.0039200e-01
   5.6500000e+02   4.0246200e-01
   5.6600000e+02   4.0458300e-01
   5.6700000e+02   4.0671100e-01
   5.6800000e+02   4.0879400e-01
   5.6900000e+02   4.1078600e-01
   5.7000000e+02   4.1265000e-01
   5.7100000e+02   4.1435300e-01
   5.7200000e+02   4.1586200e-01
   5.7300000e+02   4.1715900e-01
   5.7400000e+02   4.1822400e-01
   5.7500000e+02   4.1904200e-01
   5.7600000e+02   4.1960900e-01
   5.7700000e+02   4.1992000e-01
   5.7800000e+02   4.1997400e-01
   5.7900000e+02   4.1977800e-01
   5.8000000e+02   4.1934300e-01
   5.8100000e+02   4.1867700e-01
   5.8200000e+02   4.1780300e-01
   5.8300000e+02   4.1673900e-01
   5.8400000e+02   4.1551000e-01
   5.8500000e+02   4.1414300e-01
   5.8600000e+02   4.1266700e-01
   5.8700000e+02   4.1110900e-01
   5.8800000e+02   4.0949900e-01
   5.8900000e+02   4.0786800e-01
   5.9000000e+02   4.0624200e-01
   5.9100000e+02   4.0465100e-01
   5.9200000e+02   4.0312400e-01
   5.9300000e+02   4.0168700e-01
   5.9400000e+02   4.0037100e-01
   5.9500000e+02   3.9920100e-01
   5.9600000e+02   3.9820300e-01
   5.9700000e+02   3.9740100e-01
   5.9800000e+02   3.9681200e-01
   5.9900000e+02   3.9645000e-01
   6.0000000e+02   3.9632500e-01
   6.0100000e+02   3.9643800e-01
   6.0200000e+02   3.9678300e-01
   6.0300000e+02   3.9735600e-01
   6.0400000e+02   3.9814100e-01
   6.0500000e+02   3.9911800e-01
   6.0600000e+02   4.0026900e-01
   6.0700000e+02   4.0156400e-01
   6.0800000e+02   4.0297800e-01
   6.0900000e+02   4.0448000e-01
   6.1000000e+02   4.0603200e-01
   6.1100000e+02   4.0760000e-01
   6.1200000e+02   4.0914600e-01
   6.1300000e+02   4.1063200e-01
   6.1400000e+02   4.1202100e-01
   6.1500000e+02   4.1327900e-01
   6.1600000e+02   4.1437100e-01
   6.1700000e+02   4.1527300e-01
   6.1800000e+02   4.1596100e-01
   6.1900000e+02   4.1641800e-01
   6.2000000e+02   4.1663400e-01
   6.2100000e+02   4.1660900e-01
   6.2200000e+02   4.1634100e-01
   6.2300000e+02   4.1584200e-01
   6.2400000e+02   4.1512600e-01
   6.2500000e+02   4.1420900e-01
   6.2600000e+02   4.1311600e-01
   6.2700000e+02   4.1187600e-01
   6.2800000e+02   4.1051500e-01
   6.2900000e+02   4.0907400e-01
   6.3000000e+02   4.0758800e-01
   6.3100000e+02   4.0609900e-01
   6.3200000e+02   4.0465200e-01
   6.3300000e+02   4.0329000e-01
   6.3400000e+02   4.0205000e-01
   6.3500000e+02   4.0097500e-01
   6.3600000e+02   4.0009400e-01
   6.3700000e+02   3.9943000e-01
   6.3800000e+02   3.9900400e-01
   6.3900000e+02   3.9881900e-01
   6.4000000e+02   3.9887800e-01
   6.4100000e+02   3.9917600e-01
   6.4200000e+02   3.9969600e-01
   6.4300000e+02   4.0042100e-01
   6.4400000e+02   4.0132800e-01
   6.4500000e+02   4.0238800e-01
   6.4600000e+02   4.0357000e-01
   6.4700000e+02   4.0484200e-01
   6.4800000e+02   4.0616600e-01
   6.4900000e+02   4.0750300e-01
   6.5000000e+02   4.0881600e-01
   6.5100000e+02   4.1006800e-01
   6.5200000e+02   4.1122400e-01
   6.5300000e+02   4.1225200e-01
   6.5400000e+02   4.1312600e-01
   6.5500000e+02   4.1382700e-01
   6.5600000e+02   4.1434000e-01
   6.5700000e+02   4.1465400e-01
   6.5800000e+02   4.1476900e-01
   6.5900000e+02   4.1468700e-01
   6.6000000e+02   4.1441400e-01
   6.6100000e+02   4.1396200e-01
   6.6200000e+02   4.1334400e-01
   6.6300000e+02   4.1257500e-01
   6.6400000e+02   4.1167600e-01
   6.6500000e+02   4.1066700e-01
   6.6600000e+02   4.0957000e-01
   6.6700000e+02   4.0841100e-01
   6.6800000e+02   4.0721200e-01
   6.6900000e+02   4.0600400e-01
   6.7000000e+02   4.0481400e-01
   6.7100000e+02   4.0366800e-01
   6.7200000e+02   4.0259300e-01
   6.7300000e+02   4.0161700e-01
   6.7400000e+02   4.0075700e-01
   6.7500000e+02   4.0003400e-01
   6.7600000e+02   3.9946300e-01
   6.7700000e+02   3.9905300e-01
   6.7800000e+02   3.9881300e-01
   6.7900000e+02   3.9874800e-01
   6.8000000e+02   3.9886000e-01
   6.8100000e+02   3.9914900e-01
   6.8200000e+02   3.9961100e-01
   6.8300000e+02   4.0024200e-01
   6.8400000e+02   4.0103300e-01
   6.8500000e+02   4.0197100e-01
   6.8600000e+02   4.0303800e-01
   6.8700000e+02   4.0421500e-01
   6.8800000e+02   4.0547900e-01
   6.8900000e+02   4.0680200e-01
   6.9000000e+02   4.0816000e-01
   6.9100000e+02   4.0952300e-01
   6.9200000e+02   4.1086300e-01
   6.9300000e+02   4.1215400e-01
   6.9400000e+02   4.1337100e-01
   6.9500000e+02   4.1448600e-01
   6.9600000e+02   4.1547700e-01
   6.9700000e+02   4.1632100e-01
   6.9800000e+02   4.1699500e-01
   6.9900000e+02   4.1748100e-01
   7.0000000e+02   4.1776300e-01
   7.0100000e+02   4.1782500e-01
   7.0200000e+02   4.1766100e-01
   7.0300000e+02   4.1726600e-01
   7.0400000e+02   4.1663800e-01
   7.0500000e+02   4.1578600e-01
   7.0600000e+02   4.1472400e-01
   7.0700000e+02   4.1346700e-01
   7.0800000e+02   4.1204300e-01
   7.0900000e+02   4.1047900e-01
   7.1000000e+02   4.0880500e-01
   7.1100000e+02   4.0706200e-01
   7.1200000e+02   4.0528800e-01
   7.1300000e+02   4.0352000e-01
   7.1400000e+02   4.0180400e-01
   7.1500000e+02   4.0018100e-01
   7.1600000e+02   3.9868900e-01
   7.1700000e+02   3.9737100e-01
   7.1800000e+02   3.9626200e-01
   7.1900000e+02   3.9539000e-01
   7.2000000e+02   3.9479000e-01
   7.2100000e+02   3.9447700e-01
   7.2200000e+02   3.9446000e-01
   7.2300000e+02   3.9474800e-01
   7.2400000e+02   3.9533000e-01
   7.2500000e+02   3.9618800e-01
   7.2600000e+02   3.9730100e-01
   7.2700000e+02   3.9863500e-01
   7.2800000e+02   4.0015400e-01
   7.2900000e+02   4.0182000e-01
   7.3000000e+02   4.0358900e-01
   7.3100000e+02   4.0541900e-01
   7.3200000e+02   4.0727000e-01
   7.3300000e+02   4.0909700e-01
   7.3400000e+02   4.1086000e-01
   7.3500000e+02   4.1252500e-01
   7.3600000e+02   4.1405300e-01
   7.3700000e+02   4.1541200e-01
   7.3800000e+02   4.1658000e-01
   7.3900000e+02   4.1753000e-01
   7.4000000e+02   4.1824800e-01
   7.4100000e+02   4.1872800e-01
   7.4200000e+02   4.1896200e-01
   7.4300000e+02   4.1895500e-01
   7.4400000e+02   4.1871600e-01
   7.4500000e+02   4.1825400e-01
   7.4600000e+02   4.1758800e-01
   7.4700000e+02   4.1673600e-01
   7.4800000e+02   4.1571500e-01
   7.4900000e+02   4.1455300e-01
   7.5000000e+02   4.1327200e-01
   7.5100000e+02   4.1189700e-01
   7.5200000e+02   4.1045400e-01
   7.5300000e+02   4.0897500e-01
   7.5400000e+02   4.0748500e-01
   7.5500000e+02   4.0601400e-01
   7.5600000e+02   4.0459200e-01
   7.5700000e+02   4.0324200e-01
   7.5800000e+02   4.0199000e-01
   7.5900000e+02   4.0085900e-01
   7.6000000e+02   3.9986600e-01
   7.6100000e+02   3.9902500e-01
   7.6200000e+02   3.9834800e-01
   7.6300000e+02   3.9784000e-01
   7.6400000e+02   3.9750900e-01
   7.6500000e+02   3.9735700e-01
   7.6600000e+02   3.9738400e-01
   7.6700000e+02   3.9758900e-01
   7.6800000e+02   3.9797000e-01
   7.6900000e+02   3.9851900e-01
   7.7000000e+02   3.9923200e-01
   7.7100000e+02   4.0009500e-01
   7.7200000e+02   4.0109400e-01
   7.7300000e+02   4.0220900e-01
   7.7400000e+02   4.0341800e-01
   7.7500000e+02   4.0469600e-01
   7.7600000e+02   4.0601700e-01
   7.7700000e+02   4.0735600e-01
   7.7800000e+02   4.0868400e-01
   7.7900000e+02   4.0997600e-01
   7.8000000e+02   4.1120800e-01
   7.8100000e+02   4.1235500e-01
   7.8200000e+02   4.1339500e-01
   7.8300000e+02   4.1430600e-01
   7.8400000e+02   4.1506600e-01
   7.8500000e+02   4.1565800e-01
   7.8600000e+02   4.1606400e-01
   7.8700000e+02   4.1627000e-01
   7.8800000e+02   4.1627100e-01
   7.8900000e+02   4.1606200e-01
   7.9000000e+02   4.1564300e-01
   7.9100000e+02   4.1502700e-01
   7.9200000e+02   4.1422400e-01
   7.9300000e+02   4.1325300e-01
   7.9400000e+02   4.1213900e-01
   7.9500000e+02   4.1091000e-01
   7.9600000e+02   4.0959700e-01
   7.9700000e+02   4.0823400e-01
   7.9800000e+02   4.0685300e-01
   7.9900000e+02   4.0549300e-01
   8.0000000e+02   4.0419100e-01
   8.0100000e+02   4.0297700e-01
   8.0200000e+02   4.0188800e-01
   8.0300000e+02   4.0095500e-01
   8.0400000e+02   4.0020100e-01
   8.0500000e+02   3.9965000e-01
   8.0600000e+02   3.9931900e-01
   8.0700000e+02   3.9921400e-01
   8.0800000e+02   3.9933900e-01
   8.0900000e+02   3.9968900e-01
   8.1000000e+02   4.0024700e-01
   8.1100000e+02   4.0099600e-01
   8.1200000e+02   4.0190900e-01
   8.1300000e+02   4.0295000e-01
   8.1400000e+02   4.0409000e-01
   8.1500000e+02   4.0528900e-01
   8.1600000e+02   4.0650900e-01
   8.1700000e+02   4.0771700e-01
   8.1800000e+02   4.0887800e-01
   8.1900000e+02   4.0995900e-01
   8.2000000e+02   4.1093500e-01
   8.2100000e+02   4.1177900e-01
   8.2200000e+02   4.1246900e-01
   8.2300000e+02   4.1298900e-01
   8.2400000e+02   4.1332800e-01
   8.2500000e+02   4.1347700e-01
   8.2600000e+02   4.1343800e-01
   8.2700000e+02   4.1321100e-01
   8.2800000e+02   4.1281000e-01
   8.2900000e+02   4.1225100e-01
   8.3000000e+02   4.1155300e-01
   8.3100000e+02   4.1074100e-01
   8.3200000e+02   4.0984100e-01
   8.3300000e+02   4.0887800e-01
   8.3400000e+02   4.0788300e-01
   8.3500000e+02   4.0688200e-01
   8.3600000e+02   4.0590000e-01
   8.3700000e+02   4.0496300e-01
   8.3800000e+02   4.0409100e-01
   8.3900000e+02   4.0330500e-01
   8.4000000e+02   4.0262200e-01
   8.4100000e+02   4.0205600e-01
   8.4200000e+02   4.0161900e-01
   8.4300000e+02   4.0131900e-01
   8.4400000e+02   4.0116000e-01
   8.4500000e+02   4.0114300e-01
   8.4600000e+02   4.0126700e-01
   8.4700000e+02   4.0152600e-01
   8.4800000e+02   4.0191100e-01
   8.4900000e+02   4.0241300e-01
   8.5000000e+02   4.0301600e-01
   8.5100000e+02   4.0370800e-01
   8.5200000e+02   4.0447200e-01
   8.5300000e+02   4.0529500e-01
   8.5400000e+02   4.0616200e-01
   8.5500000e+02   4.0705900e-01
   8.5600000e+02   4.0797200e-01
   8.5700000e+02   4.0888600e-01
   8.5800000e+02   4.0978800e-01
   8.5900000e+02   4.1066200e-01
   8.6000000e+02   4.1149500e-01
   8.6100000e+02   4.1226900e-01
   8.6200000e+02   4.1296800e-01
   8.6300000e+02   4.1357700e-01
   8.6400000e+02   4.1408000e-01
   8.6500000e+02   4.1446600e-01
   8.6600000e+02   4.1472200e-01
   8.6700000e+02   4.1484100e-01
   8.6800000e+02   4.1481200e-01
   8.6900000e+02   4.1463000e-01
   8.7000000e+02   4.1429100e-01
   8.7100000e+02   4.1379300e-01
   8.7200000e+02   4.1313600e-01
   8.7300000e+02   4.1232300e-01
   8.7400000e+02   4.1135800e-01
   8.7500000e+02   4.1025300e-01
   8.7600000e+02   4.0902600e-01
   8.7700000e+02   4.0769700e-01
   8.7800000e+02   4.0629300e-01
   8.7900000e+02   4.0484300e-01
   8.8000000e+02   4.0338000e-01
   8.8100000e+02   4.0194000e-01
   8.8200000e+02   4.0056100e-01
   8.8300000e+02   3.9927700e-01
   8.8400000e+02   3.9812400e-01
   8.8500000e+02   3.9713800e-01
   8.8600000e+02   3.9634800e-01
   8.8700000e+02   3.9578100e-01
   8.8800000e+02   3.9546600e-01
   8.8900000e+02   3.9541800e-01
   8.9000000e+02   3.9565200e-01
   8.9100000e+02   3.9617400e-01
   8.9200000e+02   3.9697700e-01
   8.9300000e+02   3.9805100e-01
   8.9400000e+02   3.9937800e-01
   8.9500000e+02   4.0092200e-01
   8.9600000e+02   4.0264800e-01
   8.9700000e+02   4.0451400e-01
   8.9800000e+02   4.0646800e-01
   8.9900000e+02   4.0846000e-01
   9.0000000e+02   4.1044400e-01
   9.0100000e+02   4.1236600e-01
   9.0200000e+02   4.1418400e-01
   9.0300000e+02   4.1585600e-01
   9.0400000e+02   4.1734000e-01
   9.0500000e+02   4.1860800e-01
   9.0600000e+02   4.1963100e-01
   9.0700000e+02   4.2038200e-01
   9.0800000e+02   4.2084600e-01
   9.0900000e+02   4.2100900e-01
   9.1000000e+02   4.2086100e-01
   9.1100000e+02   4.2040900e-01
   9.1200000e+02   4.1965800e-01
   9.1300000e+02   4.1862500e-01
   9.1400000e+02   4.1733900e-01
   9.1500000e+02   4.1583100e-01
   9.1600000e+02   4.1413800e-01
   9.1700000e+02   4.1230800e-01
   9.1800000e+02   4.1038200e-01
   9.1900000e+02   4.0840900e-01
   9.2000000e+02   4.0643600e-01
   9.2100000e+02   4.0450500e-01
   9.2200000e+02   4.0265400e-01
   9.2300000e+02   4.0093000e-01
   9.2400000e+02   3.9936200e-01
   9.2500000e+02   3.9798300e-01
   9.2600000e+02   3.9682500e-01
   9.2700000e+02   3.9590700e-01
   9.2800000e+02   3.9524700e-01
   9.2900000e+02   3.9486100e-01
   9.3000000e+02   3.9474600e-01
   9.3100000e+02   3.9490300e-01
   9.3200000e+02   3.9532000e-01
   9.3300000e+02   3.9597500e-01
   9.3400000e+02   3.9684700e-01
   9.3500000e+02   3.9790800e-01
   9.3600000e+02   3.9912600e-01
   9.3700000e+02   4.0046900e-01
   9.3800000e+02   4.0190600e-01
   9.3900000e+02   4.0340300e-01
   9.4000000e+02   4.0493200e-01
   9.4100000e+02   4.0646500e-01
   9.4200000e+02   4.0797800e-01
   9.4300000e+02   4.0944500e-01
   9.4400000e+02   4.1084500e-01
   9.4500000e+02   4.1215600e-01
   9.4600000e+02   4.1335800e-01
   9.4700000e+02   4.1443400e-01
   9.4800000e+02   4.1536700e-01
   9.4900000e+02   4.1614300e-01
   9.5000000e+02   4.1675100e-01
   9.5100000e+02   4.1718000e-01
   9.5200000e+02   4.1742700e-01
   9.5300000e+02   4.1749100e-01
   9.5400000e+02   4.1737000e-01
   9.5500000e+02   4.1706700e-01
   9.5600000e+02   4.1658700e-01
   9.5700000e+02   4.1593300e-01
   9.5800000e+02   4.1511400e-01
   9.5900000e+02   4.1414200e-01
   9.6000000e+02   4.1302500e-01
   9.6100000e+02   4.1178200e-01
   9.6200000e+02   4.1043100e-01
   9.6300000e+02   4.0899400e-01
   9.6400000e+02   4.0749900e-01
   9.6500000e+02   4.0598000e-01
   9.6600000e+02   4.0446700e-01
   9.6700000e+02   4.0299600e-01
   9.6800000e+02   4.0160200e-01
   9.6900000e+02   4.0031700e-01
   9.7000000e+02   3.9917600e-01
   9.7100000e+02   3.9821000e-01
   9.7200000e+02   3.9744200e-01
   9.7300000e+02   3.9690100e-01
   9.7400000e+02   3.9660300e-01
   9.7500000e+02   3.9656000e-01
   9.7600000e+02   3.9678400e-01
   9.7700000e+02   3.9727500e-01
   9.7800000e+02   3.9802200e-01
   9.7900000e+02   3.9901500e-01
   9.8000000e+02   4.0022600e-01
   9.8100000e+02   4.0162200e-01
   9.8200000e+02   4.0316900e-01
   9.8300000e+02   4.0482300e-01
   9.8400000e+02   4.0653600e-01
   9.8500000e+02   4.0826400e-01
   9.8600000e+02   4.0995800e-01
   9.8700000e+02   4.1157100e-01
   9.8800000e+02   4.1306300e-01
   9.8900000e+02   4.1439300e-01
   9.9000000e+02   4.1552500e-01
   9.9100000e+02   4.1643200e-01
   9.9200000e+02   4.1708400e-01
   9.9300000e+02   4.1746200e-01
   9.9400000e+02   4.1755800e-01
   9.9500000e+02   4.1736000e-01
   9.9600000e+02   4.1687300e-01
   9.9700000e+02   4.1611000e-01
   9.9800000e+02   4.1508700e-01
   9.9900000e+02   4.1383300e-01
   1.0000000e+03   4.1238900e-01
