   -1000.000     528.893856
    -999.000     525.743233
    -998.000     519.873669
    -997.000     511.370720
    -996.000     500.967588
    -995.000     489.544189
    -994.000     478.058681
    -993.000     467.441931
    -992.000     458.768636
    -991.000     452.803982
    -990.000     450.117659
    -989.000     451.220869
    -988.000     456.129117
    -987.000     464.588429
    -986.000     476.230676
    -985.000     490.067772
    -984.000     505.042315
    -983.000     519.829744
    -982.000     533.036049
    -981.000     543.122152
    -980.000     549.227169
    -979.000     550.364673
    -978.000     546.384466
    -977.000     537.593549
    -976.000     524.876340
    -975.000     509.268676
    -974.000     492.588038
    -973.000     476.131672
    -972.000     461.414362
    -971.000     449.819830
    -970.000     442.108875
    -969.000     438.913918
    -968.000     440.564563
    -967.000     446.743793
    -966.000     457.021325
    -965.000     470.678719
    -964.000     486.448243
    -963.000     503.072886
    -962.000     519.231238
    -961.000     533.316372
    -960.000     544.165594
    -959.000     550.973339
    -958.000     552.901643
    -957.000     550.104815
    -956.000     542.971974
    -955.000     532.084243
    -954.000     518.732718
    -953.000     504.172214
    -952.000     489.461367
    -951.000     476.058537
    -950.000     464.810178
    -949.000     456.523342
    -948.000     451.690260
    -947.000     450.621772
    -946.000     453.049407
    -945.000     458.887925
    -944.000     467.436646
    -943.000     477.920779
    -942.000     489.467289
    -941.000     501.077457
    -940.000     511.586663
    -939.000     520.269998
    -938.000     526.294529
    -937.000     529.138478
    -936.000     528.793004
    -935.000     525.375508
    -934.000     519.262114
    -933.000     511.328694
    -932.000     502.304123
    -931.000     493.017473
    -930.000     484.388252
    -929.000     477.116869
    -928.000     471.507482
    -927.000     468.192396
    -926.000     466.963557
    -925.000     467.820036
    -924.000     470.522206
    -923.000     474.592393
    -922.000     479.476703
    -921.000     484.847836
    -920.000     490.036828
    -919.000     494.696280
    -918.000     498.657521
    -917.000     501.593266
    -916.000     503.577532
    -915.000     504.734994
    -914.000     505.192940
    -913.000     505.092618
    -912.000     504.883117
    -911.000     504.435912
    -910.000     504.074731
    -909.000     503.779349
    -908.000     503.434777
    -907.000     502.957849
    -906.000     502.251391
    -905.000     500.978267
    -904.000     499.089321
    -903.000     496.549644
    -902.000     493.174845
    -901.000     489.231399
    -900.000     484.961594
    -899.000     480.576399
    -898.000     476.631013
    -897.000     473.544057
    -896.000     471.662914
    -895.000     471.443674
    -894.000     473.134217
    -893.000     476.649361
    -892.000     482.063716
    -891.000     488.878460
    -890.000     496.621226
    -889.000     504.563690
    -888.000     511.986511
    -887.000     517.913950
    -886.000     521.791439
    -885.000     523.000578
    -884.000     521.232963
    -883.000     516.649311
    -882.000     509.549621
    -881.000     500.548450
    -880.000     490.595581
    -879.000     480.609350
    -878.000     471.520727
    -877.000     464.282444
    -876.000     459.548966
    -875.000     457.777833
    -874.000     459.266735
    -873.000     463.924070
    -872.000     471.397250
    -871.000     481.143633
    -870.000     492.353195
    -869.000     503.943804
    -868.000     515.001743
    -867.000     524.334363
    -866.000     531.058943
    -865.000     534.562067
    -864.000     534.396067
    -863.000     530.641741
    -862.000     523.708672
    -861.000     514.280082
    -860.000     503.264990
    -859.000     491.839743
    -858.000     480.941850
    -857.000     471.606642
    -856.000     464.624948
    -855.000     460.468080
    -854.000     459.474448
    -853.000     461.630327
    -852.000     466.613520
    -851.000     473.925094
    -850.000     482.845788
    -849.000     492.410625
    -848.000     501.780223
    -847.000     509.909761
    -846.000     516.113712
    -845.000     519.741428
    -844.000     520.560010
    -843.000     518.608077
    -842.000     514.158526
    -841.000     507.900981
    -840.000     500.471679
    -839.000     492.761145
    -838.000     485.533332
    -837.000     479.502979
    -836.000     475.129989
    -835.000     472.862526
    -834.000     472.668461
    -833.000     474.580155
    -832.000     478.213406
    -831.000     483.196218
    -830.000     488.887464
    -829.000     494.759663
    -828.000     500.148429
    -827.000     504.512914
    -826.000     507.485197
    -825.000     508.742026
    -824.000     508.270755
    -823.000     506.190780
    -822.000     502.774697
    -821.000     498.481554
    -820.000     493.776690
    -819.000     489.260957
    -818.000     485.329864
    -817.000     482.495835
    -816.000     480.975164
    -815.000     480.942757
    -814.000     482.340790
    -813.000     485.053897
    -812.000     488.616339
    -811.000     492.762013
    -810.000     496.820096
    -809.000     500.357892
    -808.000     502.906260
    -807.000     504.102978
    -806.000     503.731849
    -805.000     501.852315
    -804.000     498.628155
    -803.000     494.388898
    -802.000     489.697921
    -801.000     485.044751
    -800.000     480.952021
    -799.000     478.015204
    -798.000     476.497526
    -797.000     476.651690
    -796.000     478.603820
    -795.000     482.109437
    -794.000     486.945785
    -793.000     492.692475
    -792.000     498.731069
    -791.000     504.487126
    -790.000     509.428163
    -789.000     512.909084
    -788.000     514.648743
    -787.000     514.395750
    -786.000     512.164894
    -785.000     508.083272
    -784.000     502.741488
    -783.000     496.427784
    -782.000     489.984438
    -781.000     483.921795
    -780.000     478.867496
    -779.000     475.257157
    -778.000     473.531806
    -777.000     473.663682
    -776.000     475.732182
    -775.000     479.471413
    -774.000     484.390370
    -773.000     490.019238
    -772.000     495.766221
    -771.000     500.847573
    -770.000     504.853116
    -769.000     507.318298
    -768.000     507.898825
    -767.000     506.707108
    -766.000     503.954006
    -765.000     499.835767
    -764.000     495.167682
    -763.000     490.304465
    -762.000     485.927611
    -761.000     482.486736
    -760.000     480.414552
    -759.000     479.707611
    -758.000     480.603308
    -757.000     482.767764
    -756.000     485.868994
    -755.000     489.582478
    -754.000     493.331291
    -753.000     496.609001
    -752.000     499.110161
    -751.000     500.512037
    -750.000     500.545934
    -749.000     499.553585
    -748.000     497.462961
    -747.000     494.767226
    -746.000     491.882908
    -745.000     489.277148
    -744.000     487.237673
    -743.000     486.370395
    -742.000     486.625825
    -741.000     488.173925
    -740.000     490.996011
    -739.000     494.654804
    -738.000     498.822725
    -737.000     503.091138
    -736.000     506.702476
    -735.000     509.264777
    -734.000     510.329909
    -733.000     509.509871
    -732.000     506.747748
    -731.000     502.281957
    -730.000     496.261248
    -729.000     489.403421
    -728.000     482.336026
    -727.000     475.762265
    -726.000     470.367097
    -725.000     466.931256
    -724.000     465.630802
    -723.000     466.944261
    -722.000     470.787751
    -721.000     476.839177
    -720.000     484.694201
    -719.000     493.696238
    -718.000     502.831575
    -717.000     511.358731
    -716.000     518.387562
    -715.000     523.037091
    -714.000     524.940866
    -713.000     523.867698
    -712.000     519.729572
    -711.000     513.119081
    -710.000     504.619951
    -709.000     494.900813
    -708.000     485.095649
    -707.000     475.980858
    -706.000     468.287949
    -705.000     462.879605
    -704.000     460.099532
    -703.000     460.176539
    -702.000     463.304702
    -701.000     469.145223
    -700.000     477.282640
    -699.000     487.185828
    -698.000     498.021513
    -697.000     508.740001
    -696.000     518.684910
    -695.000     526.661687
    -694.000     532.031203
    -693.000     534.331228
    -692.000     533.174015
    -691.000     528.663203
    -690.000     521.329996
    -689.000     511.646794
    -688.000     500.577888
    -687.000     489.158052
    -686.000     478.236364
    -685.000     468.789479
    -684.000     461.596284
    -683.000     457.145143
    -682.000     455.727597
    -681.000     457.519618
    -680.000     462.189240
    -679.000     469.336310
    -678.000     478.469613
    -677.000     488.555692
    -676.000     498.890292
    -675.000     508.511529
    -674.000     516.536069
    -673.000     522.302351
    -672.000     525.491107
    -671.000     525.681663
    -670.000     523.201712
    -669.000     518.366181
    -668.000     511.659133
    -667.000     503.856686
    -666.000     495.775189
    -665.000     487.929046
    -664.000     481.116795
    -663.000     475.801266
    -662.000     472.137601
    -661.000     470.481803
    -660.000     470.662029
    -659.000     472.502377
    -658.000     475.762543
    -657.000     480.041289
    -656.000     484.832939
    -655.000     489.810820
    -654.000     494.554129
    -653.000     498.660258
    -652.000     502.059617
    -651.000     504.534836
    -650.000     506.055345
    -649.000     506.776361
    -648.000     506.783312
    -647.000     506.125409
    -646.000     505.133393
    -645.000     503.748755
    -644.000     502.084746
    -643.000     500.217050
    -642.000     498.033845
    -641.000     495.522503
    -640.000     492.688093
    -639.000     489.489791
    -638.000     485.965040
    -637.000     482.351930
    -636.000     478.776190
    -635.000     475.542911
    -634.000     473.048057
    -633.000     471.545065
    -632.000     471.379435
    -631.000     472.824566
    -630.000     475.932757
    -629.000     480.737320
    -628.000     487.066287
    -627.000     494.568094
    -626.000     502.711663
    -625.000     510.947178
    -624.000     518.466709
    -623.000     524.617245
    -622.000     528.693114
    -621.000     530.192547
    -620.000     528.726849
    -619.000     524.412537
    -618.000     517.263834
    -617.000     507.981785
    -616.000     497.224024
    -615.000     485.897525
    -614.000     474.972580
    -613.000     465.447681
    -612.000     458.100714
    -611.000     453.646642
    -610.000     452.564386
    -609.000     454.985034
    -608.000     460.854146
    -607.000     469.817449
    -606.000     481.119889
    -605.000     493.908756
    -604.000     507.020629
    -603.000     519.244149
    -602.000     529.368269
    -601.000     536.410640
    -600.000     539.511009
    -599.000     538.501242
    -598.000     533.278268
    -597.000     524.548413
    -596.000     513.036975
    -595.000     499.993100
    -594.000     486.548506
    -593.000     473.975622
    -592.000     463.299366
    -591.000     455.394865
    -590.000     450.847039
    -589.000     449.941235
    -588.000     452.766072
    -587.000     458.952325
    -586.000     468.127213
    -585.000     479.433793
    -584.000     492.028019
    -583.000     504.833925
    -582.000     516.901020
    -581.000     527.038033
    -580.000     534.666838
    -579.000     538.958021
    -578.000     539.759908
    -577.000     537.061497
    -576.000     531.155917
    -575.000     522.678260
    -574.000     512.426443
    -573.000     501.245475
    -572.000     490.103503
    -571.000     479.819365
    -570.000     471.157256
    -569.000     464.635370
    -568.000     460.714470
    -567.000     459.461559
    -566.000     460.929332
    -565.000     464.841078
    -564.000     470.809787
    -563.000     478.203844
    -562.000     486.494473
    -561.000     494.755414
    -560.000     502.449625
    -559.000     508.805509
    -558.000     513.404061
    -557.000     515.850162
    -556.000     516.174890
    -555.000     514.366613
    -554.000     510.831700
    -553.000     506.037709
    -552.000     500.461474
    -551.000     494.682343
    -550.000     489.274987
    -549.000     484.535524
    -548.000     480.852518
    -547.000     478.414320
    -546.000     477.153828
    -545.000     477.119643
    -544.000     478.129924
    -543.000     479.922957
    -542.000     482.300124
    -541.000     485.095257
    -540.000     487.933824
    -539.000     490.816508
    -538.000     493.572187
    -537.000     496.075029
    -536.000     498.393382
    -535.000     500.565957
    -534.000     502.406498
    -533.000     504.208924
    -532.000     505.737374
    -531.000     506.995855
    -530.000     507.901663
    -529.000     508.332508
    -528.000     508.011956
    -527.000     506.953835
    -526.000     504.921182
    -525.000     501.847998
    -524.000     497.873703
    -523.000     493.075165
    -522.000     487.658512
    -521.000     482.151205
    -520.000     476.867701
    -519.000     472.283292
    -518.000     468.998143
    -517.000     467.301568
    -516.000     467.467009
    -515.000     469.829605
    -514.000     474.119379
    -513.000     480.263050
    -512.000     487.819624
    -511.000     496.185006
    -510.000     504.560366
    -509.000     512.391508
    -508.000     518.644164
    -507.000     522.827625
    -506.000     524.481177
    -505.000     523.259407
    -504.000     519.297427
    -503.000     512.998595
    -502.000     504.810789
    -501.000     495.560592
    -500.000     486.189856
    -499.000     477.388616
    -498.000     470.095051
    -497.000     464.926944
    -496.000     462.313464
    -495.000     462.476163
    -494.000     465.576102
    -493.000     471.141938
    -492.000     478.880743
    -491.000     488.153867
    -490.000     497.965349
    -489.000     507.588197
    -488.000     516.101781
    -487.000     522.535895
    -486.000     526.418312
    -485.000     527.355544
    -484.000     525.085629
    -483.000     520.080941
    -482.000     512.774725
    -481.000     503.780053
    -480.000     494.170686
    -479.000     484.759512
    -478.000     476.322173
    -477.000     469.722051
    -476.000     465.425382
    -475.000     463.608432
    -474.000     464.562374
    -473.000     467.911701
    -472.000     473.294024
    -471.000     480.230137
    -470.000     487.935635
    -469.000     495.616535
    -468.000     502.702689
    -467.000     508.429596
    -466.000     512.311044
    -465.000     514.241670
    -464.000     514.057927
    -463.000     511.906644
    -462.000     508.351082
    -461.000     503.661982
    -460.000     498.458769
    -459.000     493.374152
    -458.000     488.778416
    -457.000     485.080321
    -456.000     482.695181
    -455.000     481.557757
    -454.000     481.781413
    -453.000     483.264317
    -452.000     485.682498
    -451.000     488.705845
    -450.000     492.097089
    -449.000     495.285281
    -448.000     497.970972
    -447.000     499.960650
    -446.000     500.831036
    -445.000     500.622040
    -444.000     499.426210
    -443.000     497.193486
    -442.000     494.370135
    -441.000     491.260262
    -440.000     488.138244
    -439.000     485.450290
    -438.000     483.564076
    -437.000     482.517040
    -436.000     482.631654
    -435.000     483.802185
    -434.000     485.863842
    -433.000     488.622958
    -432.000     491.812622
    -431.000     494.874308
    -430.000     497.644273
    -429.000     499.704979
    -428.000     500.750478
    -427.000     500.797604
    -426.000     499.747081
    -425.000     497.738731
    -424.000     495.043203
    -423.000     492.023155
    -422.000     488.891009
    -421.000     486.235352
    -420.000     484.226513
    -419.000     483.178348
    -418.000     483.282619
    -417.000     484.620582
    -416.000     486.969805
    -415.000     490.385821
    -414.000     494.383312
    -413.000     498.619649
    -412.000     502.770920
    -411.000     506.276563
    -410.000     508.762801
    -409.000     510.004231
    -408.000     509.687361
    -407.000     507.835085
    -406.000     504.588445
    -405.000     500.200115
    -404.000     494.998124
    -403.000     489.656945
    -402.000     484.469986
    -401.000     480.067953
    -400.000     476.828540
    -399.000     475.042851
    -398.000     474.789916
    -397.000     476.203207
    -396.000     478.895881
    -395.000     482.699996
    -394.000     487.105635
    -393.000     491.640382
    -392.000     495.780281
    -391.000     499.171896
    -390.000     501.393650
    -389.000     502.326778
    -388.000     501.999584
    -387.000     500.499098
    -386.000     498.165604
    -385.000     495.399568
    -384.000     492.538104
    -383.000     490.041382
    -382.000     488.224699
    -381.000     487.253020
    -380.000     487.288824
    -379.000     488.251173
    -378.000     490.007452
    -377.000     492.268414
    -376.000     494.777559
    -375.000     497.090278
    -374.000     498.971641
    -373.000     500.090444
    -372.000     500.315481
    -371.000     499.542750
    -370.000     497.946453
    -369.000     495.576365
    -368.000     492.900098
    -367.000     490.112158
    -366.000     487.705361
    -365.000     485.946332
    -364.000     485.178596
    -363.000     485.505101
    -362.000     487.016075
    -361.000     489.587230
    -360.000     492.949885
    -359.000     496.724017
    -358.000     500.475524
    -357.000     503.607124
    -356.000     505.711121
    -355.000     506.323741
    -354.000     505.235732
    -353.000     502.372106
    -352.000     497.975485
    -351.000     492.319243
    -350.000     486.083421
    -349.000     479.801736
    -348.000     474.248578
    -347.000     469.942324
    -346.000     467.505816
    -345.000     467.162248
    -344.000     469.159230
    -343.000     473.371882
    -342.000     479.556969
    -341.000     487.259144
    -340.000     495.866467
    -339.000     504.710519
    -338.000     512.940276
    -337.000     519.963480
    -336.000     525.028015
    -335.000     527.688993
    -334.000     527.691372
    -333.000     524.996782
    -332.000     519.719948
    -331.000     512.452320
    -330.000     503.612260
    -329.000     494.040328
    -328.000     484.512275
    -327.000     475.736679
    -326.000     468.477710
    -325.000     463.320706
    -324.000     460.645596
    -323.000     460.719376
    -322.000     463.599667
    -321.000     469.007850
    -320.000     476.593475
    -319.000     485.792974
    -318.000     495.681057
    -317.000     505.527476
    -316.000     514.366137
    -315.000     521.306749
    -314.000     525.731769
    -313.000     527.216088
    -312.000     525.503596
    -311.000     520.923537
    -310.000     513.833037
    -309.000     504.945876
    -308.000     495.113073
    -307.000     485.248990
    -306.000     476.120296
    -305.000     468.566056
    -304.000     463.153167
    -303.000     460.203100
    -302.000     460.016892
    -301.000     462.515215
    -300.000     467.430415
    -299.000     474.480684
    -298.000     483.020593
    -297.000     492.382329
    -296.000     501.873860
    -295.000     510.748958
    -294.000     518.204501
    -293.000     523.816577
    -292.000     527.077142
    -291.000     527.751525
    -290.000     525.958242
    -289.000     521.882998
    -288.000     515.830953
    -287.000     508.562700
    -286.000     500.523875
    -285.000     492.340453
    -284.000     484.773580
    -283.000     478.133968
    -282.000     472.882835
    -281.000     469.350973
    -280.000     467.523637
    -279.000     467.427062
    -278.000     469.008725
    -277.000     471.929909
    -276.000     475.885203
    -275.000     480.713106
    -274.000     485.826338
    -273.000     491.052191
    -272.000     496.105883
    -271.000     500.635575
    -270.000     504.500341
    -269.000     507.675637
    -268.000     509.830863
    -267.000     511.094777
    -266.000     511.422970
    -265.000     510.667589
    -264.000     508.973357
    -263.000     506.382507
    -262.000     502.880795
    -261.000     498.644022
    -260.000     493.969776
    -259.000     488.823416
    -258.000     483.768370
    -257.000     479.001308
    -256.000     474.833600
    -255.000     471.696918
    -254.000     469.931501
    -253.000     469.644717
    -252.000     471.228164
    -251.000     474.628902
    -250.000     479.778132
    -249.000     486.555680
    -248.000     494.583443
    -247.000     503.244734
    -246.000     512.058390
    -245.000     520.220226
    -244.000     526.891801
    -243.000     531.458863
    -242.000     533.319161
    -241.000     531.874029
    -240.000     527.313508
    -239.000     519.584382
    -238.000     509.262692
    -237.000     497.229500
    -236.000     484.447875
    -235.000     471.902201
    -234.000     460.948117
    -233.000     452.362601
    -232.000     446.962858
    -231.000     445.384605
    -230.000     447.740424
    -229.000     453.868772
    -228.000     463.571436
    -227.000     475.878622
    -226.000     489.903851
    -225.000     504.607196
    -224.000     518.561079
    -223.000     530.643640
    -222.000     539.921296
    -221.000     545.409428
    -220.000     546.802744
    -219.000     544.123110
    -218.000     537.504022
    -217.000     527.739245
    -216.000     515.756012
    -215.000     502.466414
    -214.000     489.012734
    -213.000     476.551468
    -212.000     465.741722
    -211.000     457.566566
    -210.000     452.450271
    -209.000     450.697583
    -208.000     452.420135
    -207.000     457.552944
    -206.000     465.539503
    -205.000     476.001554
    -204.000     488.036987
    -203.000     500.733847
    -202.000     513.047251
    -201.000     524.030829
    -200.000     532.539494
    -199.000     537.973478
    -198.000     539.794152
    -197.000     537.707639
    -196.000     532.068431
    -195.000     523.369668
    -194.000     512.262279
    -193.000     499.936474
    -192.000     487.321438
    -191.000     475.431770
    -190.000     465.233703
    -189.000     457.486052
    -188.000     452.524071
    -187.000     450.875287
    -186.000     452.393072
    -185.000     456.920838
    -184.000     464.119488
    -183.000     473.395430
    -182.000     483.899566
    -181.000     495.056974
    -180.000     505.822718
    -179.000     515.451806
    -178.000     523.369244
    -177.000     528.872853
    -176.000     531.745245
    -175.000     531.905461
    -174.000     529.449222
    -173.000     524.646677
    -172.000     518.142100
    -171.000     510.310454
    -170.000     501.882020
    -169.000     493.459485
    -168.000     485.534274
    -167.000     478.571485
    -166.000     473.032228
    -165.000     469.008022
    -164.000     466.739525
    -163.000     466.256449
    -162.000     467.427092
    -161.000     470.161222
    -160.000     474.248825
    -159.000     479.368281
    -158.000     485.250196
    -157.000     491.552700
    -156.000     497.880427
    -155.000     503.865057
    -154.000     509.221207
    -153.000     513.482676
    -152.000     516.470044
    -151.000     517.901828
    -150.000     517.616877
    -149.000     515.590284
    -148.000     511.907679
    -147.000     506.687100
    -146.000     500.304410
    -145.000     493.133888
    -144.000     485.643987
    -143.000     478.355944
    -142.000     471.856580
    -141.000     466.560064
    -140.000     462.963327
    -139.000     461.413615
    -138.000     462.083416
    -137.000     465.099036
    -136.000     470.399314
    -135.000     477.676190
    -134.000     486.636486
    -133.000     496.651825
    -132.000     507.083863
    -131.000     517.141146
    -130.000     526.056628
    -129.000     532.991713
    -128.000     537.346490
    -127.000     538.601945
    -126.000     536.485869
    -125.000     531.118866
    -124.000     522.779747
    -123.000     512.094059
    -122.000     499.939490
    -121.000     487.252535
    -120.000     475.080218
    -119.000     464.438368
    -118.000     456.151272
    -117.000     450.923313
    -116.000     449.184118
    -115.000     451.068076
    -114.000     456.487486
    -113.000     464.941654
    -112.000     475.832876
    -111.000     488.135223
    -110.000     500.835386
    -109.000     512.761963
    -108.000     522.883969
    -107.000     530.226912
    -106.000     534.279553
    -105.000     534.702653
    -104.000     531.584079
    -103.000     525.429094
    -102.000     516.837534
    -101.000     506.708505
    -100.000     496.019712
     -99.000     485.626450
     -98.000     476.344582
     -97.000     468.948355
     -96.000     463.746222
     -95.000     461.196092
     -94.000     461.284295
     -93.000     463.944894
     -92.000     468.890914
     -91.000     475.750594
     -90.000     483.874921
     -89.000     492.724568
     -88.000     501.572424
     -87.000     509.730833
     -86.000     516.590321
     -85.000     521.687534
     -84.000     524.543502
     -83.000     525.102022
     -82.000     523.305064
     -81.000     519.348523
     -80.000     513.600362
     -79.000     506.588938
     -78.000     498.772793
     -77.000     490.864896
     -76.000     483.349340
     -75.000     476.786946
     -74.000     471.550393
     -73.000     468.033082
     -72.000     466.249250
     -71.000     466.402393
     -70.000     468.300779
     -69.000     471.720494
     -68.000     476.398968
     -67.000     481.953277
     -66.000     487.826897
     -65.000     493.768891
     -64.000     499.210028
     -63.000     503.836025
     -62.000     507.422613
     -61.000     509.795100
     -60.000     510.799498
     -59.000     510.640017
     -58.000     509.367370
     -57.000     507.106368
     -56.000     504.283971
     -55.000     500.992516
     -54.000     497.506726
     -53.000     494.153866
     -52.000     491.030730
     -51.000     488.233792
     -50.000     486.095366
     -49.000     484.404684
     -48.000     483.377009
     -47.000     482.981932
     -46.000     483.189103
     -45.000     483.897579
     -44.000     485.250214
     -43.000     486.960640
     -42.000     489.083430
     -41.000     491.546134
     -40.000     494.141485
     -39.000     496.766575
     -38.000     499.376821
     -37.000     501.593783
     -36.000     503.389167
     -35.000     504.571919
     -34.000     504.866798
     -33.000     504.246227
     -32.000     502.698401
     -31.000     500.066321
     -30.000     496.636580
     -29.000     492.559520
     -28.000     488.075454
     -27.000     483.540408
     -26.000     479.471580
     -25.000     475.960739
     -24.000     473.622734
     -23.000     472.566156
     -22.000     472.933008
     -21.000     474.844050
     -20.000     478.224300
     -19.000     482.724805
     -18.000     488.215768
     -17.000     494.202943
     -16.000     500.157897
     -15.000     505.736031
     -14.000     510.405613
     -13.000     513.724870
     -12.000     515.509163
     -11.000     515.627372
     -10.000     513.886506
      -9.000     510.745298
      -8.000     506.304625
      -7.000     500.960395
      -6.000     495.333192
      -5.000     489.814289
      -4.000     484.801566
      -3.000     480.898607
      -2.000     478.216862
      -1.000     476.956534
       0.000     477.274924
