   0.0000000e+00   0.0000000e+00
   1.3844914e+01   3.4000000e+01
   2.2264725e+01   6.0000000e+01
   3.1416694e+01   8.3000000e+01
   3.9836505e+01   1.0600000e+02
   4.9354552e+01   1.2700000e+02
   5.9970836e+01   1.5100000e+02
   7.1319277e+01   1.7600000e+02
   8.4132034e+01   1.9800000e+02
   9.8775184e+01   2.2000000e+02
   1.1451657e+02   2.4200000e+02
   1.3025796e+02   2.6700000e+02
   1.4490111e+02   2.9100000e+02
   1.5881210e+02   3.1300000e+02
   1.7162485e+02   3.3500000e+02
   1.8370545e+02   3.5500000e+02
   1.9578605e+02   3.7200000e+02
   2.0713449e+02   3.8900000e+02
   2.1628646e+02   4.0800000e+02
   2.2397412e+02   4.2800000e+02
   2.3202785e+02   4.4500000e+02
   2.3898335e+02   4.6500000e+02
   2.4776924e+02   4.8500000e+02
   2.6131415e+02   5.0600000e+02
   2.6790357e+02   5.2800000e+02
   2.7339475e+02   5.5600000e+02
   2.7815377e+02   5.7800000e+02
