  -0.0000000e+00   4.1285981e+02
   1.0000000e+00   4.1314605e+02
   2.0000000e+00   4.1210231e+02
   3.0000000e+00   4.0988109e+02
   4.0000000e+00   4.0667021e+02
   5.0000000e+00   4.0257874e+02
   6.0000000e+00   3.9813032e+02
   7.0000000e+00   3.9364421e+02
   8.0000000e+00   3.8943818e+02
   9.0000000e+00   3.8597619e+02
   1.0000000e+01   3.8354633e+02
   1.1000000e+01   3.8221335e+02
   1.2000000e+01   3.8230492e+02
   1.3000000e+01   3.8368433e+02
   1.4000000e+01   3.8626268e+02
   1.5000000e+01   3.8991663e+02
   1.6000000e+01   3.9432918e+02
   1.7000000e+01   3.9909977e+02
   1.8000000e+01   4.0395502e+02
   1.9000000e+01   4.0846406e+02
   2.0000000e+01   4.1219140e+02
   2.1000000e+01   4.1501153e+02
   2.2000000e+01   4.1659939e+02
   2.3000000e+01   4.1687295e+02
   2.4000000e+01   4.1593518e+02
   2.5000000e+01   4.1391306e+02
   2.6000000e+01   4.1090573e+02
   2.7000000e+01   4.0746498e+02
   2.8000000e+01   4.0366930e+02
   2.9000000e+01   3.9996036e+02
   3.0000000e+01   3.9663007e+02
   3.1000000e+01   3.9386129e+02
   3.2000000e+01   3.9176684e+02
   3.3000000e+01   3.9055678e+02
   3.4000000e+01   3.9009883e+02
   3.5000000e+01   3.9037456e+02
   3.6000000e+01   3.9135283e+02
   3.7000000e+01   3.9281858e+02
   3.8000000e+01   3.9461998e+02
   3.9000000e+01   3.9672912e+02
   4.0000000e+01   3.9885254e+02
   4.1000000e+01   4.0094974e+02
   4.2000000e+01   4.0293894e+02
   4.3000000e+01   4.0465458e+02
   4.4000000e+01   4.0603438e+02
   4.5000000e+01   4.0712779e+02
   4.6000000e+01   4.0769454e+02
   4.7000000e+01   4.0785851e+02
   4.8000000e+01   4.0753626e+02
   4.9000000e+01   4.0670308e+02
   5.0000000e+01   4.0533691e+02
   5.1000000e+01   4.0362275e+02
   5.2000000e+01   4.0138087e+02
   5.3000000e+01   3.9889317e+02
   5.4000000e+01   3.9623546e+02
   5.5000000e+01   3.9348221e+02
   5.6000000e+01   3.9089450e+02
   5.7000000e+01   3.8868233e+02
   5.8000000e+01   3.8691335e+02
   5.9000000e+01   3.8591461e+02
   6.0000000e+01   3.8578099e+02
   6.1000000e+01   3.8656145e+02
   6.2000000e+01   3.8841760e+02
   6.3000000e+01   3.9125246e+02
   6.4000000e+01   3.9495496e+02
   6.5000000e+01   3.9935862e+02
   6.6000000e+01   4.0423836e+02
   6.7000000e+01   4.0913086e+02
   6.8000000e+01   4.1382407e+02
   6.9000000e+01   4.1783006e+02
   7.0000000e+01   4.2079895e+02
   7.1000000e+01   4.2247867e+02
   7.2000000e+01   4.2266216e+02
   7.3000000e+01   4.2117204e+02
   7.4000000e+01   4.1822053e+02
   7.5000000e+01   4.1383800e+02
   7.6000000e+01   4.0840314e+02
   7.7000000e+01   4.0227658e+02
   7.8000000e+01   3.9593385e+02
   7.9000000e+01   3.8977429e+02
   8.0000000e+01   3.8435038e+02
   8.1000000e+01   3.7998221e+02
   8.2000000e+01   3.7703335e+02
   8.3000000e+01   3.7574941e+02
   8.4000000e+01   3.7625450e+02
   8.5000000e+01   3.7851382e+02
   8.6000000e+01   3.8249473e+02
   8.7000000e+01   3.8788690e+02
   8.8000000e+01   3.9438219e+02
   8.9000000e+01   4.0151839e+02
   9.0000000e+01   4.0879526e+02
   9.1000000e+01   4.1559115e+02
   9.2000000e+01   4.2142936e+02
   9.3000000e+01   4.2571731e+02
   9.4000000e+01   4.2808147e+02
   9.5000000e+01   4.2824208e+02
   9.6000000e+01   4.2613878e+02
   9.7000000e+01   4.2177826e+02
   9.8000000e+01   4.1563359e+02
   9.9000000e+01   4.0799772e+02
   1.0000000e+02   3.9959431e+02
   1.0100000e+02   3.9111301e+02
   1.0200000e+02   3.8320745e+02
   1.0300000e+02   3.7660801e+02
   1.0400000e+02   3.7193153e+02
   1.0500000e+02   3.6956689e+02
   1.0600000e+02   3.6986415e+02
   1.0700000e+02   3.7290323e+02
   1.0800000e+02   3.7851099e+02
   1.0900000e+02   3.8638638e+02
   1.1000000e+02   3.9588695e+02
   1.1100000e+02   4.0628577e+02
   1.1200000e+02   4.1661212e+02
   1.1300000e+02   4.2598878e+02
   1.1400000e+02   4.3341300e+02
   1.1500000e+02   4.3824421e+02
   1.1600000e+02   4.3993007e+02
   1.1700000e+02   4.3836674e+02
   1.1800000e+02   4.3371457e+02
   1.1900000e+02   4.2645249e+02
   1.2000000e+02   4.1731925e+02
   1.2100000e+02   4.0713439e+02
   1.2200000e+02   3.9680275e+02
   1.2300000e+02   3.8714605e+02
   1.2400000e+02   3.7886585e+02
   1.2500000e+02   3.7251825e+02
   1.2600000e+02   3.6847152e+02
   1.2700000e+02   3.6686709e+02
   1.2800000e+02   3.6774608e+02
   1.2900000e+02   3.7092986e+02
   1.3000000e+02   3.7607516e+02
   1.3100000e+02   3.8280876e+02
   1.3200000e+02   3.9056261e+02
   1.3300000e+02   3.9876821e+02
   1.3400000e+02   4.0681684e+02
   1.3500000e+02   4.1417642e+02
   1.3600000e+02   4.2023264e+02
   1.3700000e+02   4.2471215e+02
   1.3800000e+02   4.2726481e+02
   1.3900000e+02   4.2779737e+02
   1.4000000e+02   4.2640937e+02
   1.4100000e+02   4.2325158e+02
   1.4200000e+02   4.1866263e+02
   1.4300000e+02   4.1309747e+02
   1.4400000e+02   4.0693589e+02
   1.4500000e+02   4.0070504e+02
   1.4600000e+02   3.9480934e+02
   1.4700000e+02   3.8963227e+02
   1.4800000e+02   3.8544728e+02
   1.4900000e+02   3.8251352e+02
   1.5000000e+02   3.8090603e+02
   1.5100000e+02   3.8067639e+02
   1.5200000e+02   3.8179856e+02
   1.5300000e+02   3.8415223e+02
   1.5400000e+02   3.8753627e+02
   1.5500000e+02   3.9182390e+02
   1.5600000e+02   3.9666511e+02
   1.5700000e+02   4.0183269e+02
   1.5800000e+02   4.0704633e+02
   1.5900000e+02   4.1196020e+02
   1.6000000e+02   4.1627785e+02
   1.6100000e+02   4.1976225e+02
   1.6200000e+02   4.2210946e+02
   1.6300000e+02   4.2312730e+02
   1.6400000e+02   4.2273974e+02
   1.6500000e+02   4.2083708e+02
   1.6600000e+02   4.1746737e+02
   1.6700000e+02   4.1287539e+02
   1.6800000e+02   4.0717002e+02
   1.6900000e+02   4.0078082e+02
   1.7000000e+02   3.9409181e+02
   1.7100000e+02   3.8752069e+02
   1.7200000e+02   3.8151292e+02
   1.7300000e+02   3.7659297e+02
   1.7400000e+02   3.7301682e+02
   1.7500000e+02   3.7121870e+02
   1.7600000e+02   3.7138072e+02
   1.7700000e+02   3.7358444e+02
   1.7800000e+02   3.7780692e+02
   1.7900000e+02   3.8394834e+02
   1.8000000e+02   3.9154811e+02
   1.8100000e+02   4.0022579e+02
   1.8200000e+02   4.0944087e+02
   1.8300000e+02   4.1831110e+02
   1.8400000e+02   4.2633443e+02
   1.8500000e+02   4.3269342e+02
   1.8600000e+02   4.3676201e+02
   1.8700000e+02   4.3818096e+02
   1.8800000e+02   4.3678125e+02
   1.8900000e+02   4.3243652e+02
   1.9000000e+02   4.2572587e+02
   1.9100000e+02   4.1702142e+02
   1.9200000e+02   4.0710732e+02
   1.9300000e+02   3.9684387e+02
   1.9400000e+02   3.8707364e+02
   1.9500000e+02   3.7850633e+02
   1.9600000e+02   3.7194425e+02
   1.9700000e+02   3.6779341e+02
   1.9800000e+02   3.6634521e+02
   1.9900000e+02   3.6780246e+02
   2.0000000e+02   3.7197931e+02
   2.0100000e+02   3.7854279e+02
   2.0200000e+02   3.8711890e+02
   2.0300000e+02   3.9692716e+02
   2.0400000e+02   4.0725509e+02
   2.0500000e+02   4.1727499e+02
   2.0600000e+02   4.2616591e+02
   2.0700000e+02   4.3305403e+02
   2.0800000e+02   4.3754873e+02
   2.0900000e+02   4.3905211e+02
   2.1000000e+02   4.3749990e+02
   2.1100000e+02   4.3303119e+02
   2.1200000e+02   4.2600056e+02
   2.1300000e+02   4.1687831e+02
   2.1400000e+02   4.0661836e+02
   2.1500000e+02   3.9581803e+02
   2.1600000e+02   3.8541928e+02
   2.1700000e+02   3.7625048e+02
   2.1800000e+02   3.6891595e+02
   2.1900000e+02   3.6399757e+02
   2.2000000e+02   3.6196994e+02
   2.2100000e+02   3.6291960e+02
   2.2200000e+02   3.6688639e+02
   2.2300000e+02   3.7374262e+02
   2.2400000e+02   3.8290798e+02
   2.2500000e+02   3.9380117e+02
   2.2600000e+02   4.0563929e+02
   2.2700000e+02   4.1728617e+02
   2.2800000e+02   4.2778384e+02
   2.2900000e+02   4.3626646e+02
   2.3000000e+02   4.4166806e+02
   2.3100000e+02   4.4371926e+02
   2.3200000e+02   4.4221028e+02
   2.3300000e+02   4.3726173e+02
   2.3400000e+02   4.2957572e+02
   2.3500000e+02   4.2000476e+02
   2.3600000e+02   4.0932590e+02
   2.3700000e+02   3.9875455e+02
   2.3800000e+02   3.8906002e+02
   2.3900000e+02   3.8094701e+02
   2.4000000e+02   3.7498142e+02
   2.4100000e+02   3.7148645e+02
   2.4200000e+02   3.7037160e+02
   2.4300000e+02   3.7171500e+02
   2.4400000e+02   3.7509907e+02
   2.4500000e+02   3.8011245e+02
   2.4600000e+02   3.8632194e+02
   2.4700000e+02   3.9313653e+02
   2.4800000e+02   3.9993541e+02
   2.4900000e+02   4.0633163e+02
   2.5000000e+02   4.1179528e+02
   2.5100000e+02   4.1597707e+02
   2.5200000e+02   4.1873857e+02
   2.5300000e+02   4.1999826e+02
   2.5400000e+02   4.1968130e+02
   2.5500000e+02   4.1813871e+02
   2.5600000e+02   4.1545473e+02
   2.5700000e+02   4.1193069e+02
   2.5800000e+02   4.0794612e+02
   2.5900000e+02   4.0375964e+02
   2.6000000e+02   3.9953132e+02
   2.6100000e+02   3.9571999e+02
   2.6200000e+02   3.9228323e+02
   2.6300000e+02   3.8945009e+02
   2.6400000e+02   3.8734940e+02
   2.6500000e+02   3.8596336e+02
   2.6600000e+02   3.8532470e+02
   2.6700000e+02   3.8553923e+02
   2.6800000e+02   3.8650403e+02
   2.6900000e+02   3.8819117e+02
   2.7000000e+02   3.9070460e+02
   2.7100000e+02   3.9380556e+02
   2.7200000e+02   3.9748399e+02
   2.7300000e+02   4.0162969e+02
   2.7400000e+02   4.0597664e+02
   2.7500000e+02   4.1027577e+02
   2.7600000e+02   4.1438792e+02
   2.7700000e+02   4.1779267e+02
   2.7800000e+02   4.2034123e+02
   2.7900000e+02   4.2175388e+02
   2.8000000e+02   4.2172205e+02
   2.8100000e+02   4.2021093e+02
   2.8200000e+02   4.1726463e+02
   2.8300000e+02   4.1289342e+02
   2.8400000e+02   4.0742845e+02
   2.8500000e+02   4.0129353e+02
   2.8600000e+02   3.9475976e+02
   2.8700000e+02   3.8845592e+02
   2.8800000e+02   3.8285058e+02
   2.8900000e+02   3.7826087e+02
   2.9000000e+02   3.7521682e+02
   2.9100000e+02   3.7391544e+02
   2.9200000e+02   3.7448178e+02
   2.9300000e+02   3.7699998e+02
   2.9400000e+02   3.8133607e+02
   2.9500000e+02   3.8715765e+02
   2.9600000e+02   3.9418780e+02
   2.9700000e+02   4.0184022e+02
   2.9800000e+02   4.0954683e+02
   2.9900000e+02   4.1670350e+02
   3.0000000e+02   4.2272788e+02
   3.0100000e+02   4.2698927e+02
   3.0200000e+02   4.2919742e+02
   3.0300000e+02   4.2907678e+02
   3.0400000e+02   4.2654390e+02
   3.0500000e+02   4.2191249e+02
   3.0600000e+02   4.1551016e+02
   3.0700000e+02   4.0787073e+02
   3.0800000e+02   3.9977562e+02
   3.0900000e+02   3.9183984e+02
   3.1000000e+02   3.8479029e+02
   3.1100000e+02   3.7924733e+02
   3.1200000e+02   3.7569689e+02
   3.1300000e+02   3.7437241e+02
   3.1400000e+02   3.7549341e+02
   3.1500000e+02   3.7889768e+02
   3.1600000e+02   3.8430545e+02
   3.1700000e+02   3.9129304e+02
   3.1800000e+02   3.9922341e+02
   3.1900000e+02   4.0734470e+02
   3.2000000e+02   4.1502273e+02
   3.2100000e+02   4.2145523e+02
   3.2200000e+02   4.2607986e+02
   3.2300000e+02   4.2853830e+02
   3.2400000e+02   4.2855470e+02
   3.2500000e+02   4.2618466e+02
   3.2600000e+02   4.2171440e+02
   3.2700000e+02   4.1551935e+02
   3.2800000e+02   4.0817965e+02
   3.2900000e+02   4.0037395e+02
   3.3000000e+02   3.9268620e+02
   3.3100000e+02   3.8571817e+02
   3.3200000e+02   3.8007952e+02
   3.3300000e+02   3.7602189e+02
   3.3400000e+02   3.7394296e+02
   3.3500000e+02   3.7389783e+02
   3.3600000e+02   3.7585953e+02
   3.3700000e+02   3.7966617e+02
   3.3800000e+02   3.8502232e+02
   3.3900000e+02   3.9142447e+02
   3.4000000e+02   3.9842368e+02
   3.4100000e+02   4.0536463e+02
   3.4200000e+02   4.1168710e+02
   3.4300000e+02   4.1682748e+02
   3.4400000e+02   4.2034902e+02
   3.4500000e+02   4.2199879e+02
   3.4600000e+02   4.2163137e+02
   3.4700000e+02   4.1947106e+02
   3.4800000e+02   4.1571905e+02
   3.4900000e+02   4.1095541e+02
   3.5000000e+02   4.0564256e+02
   3.5100000e+02   4.0043408e+02
   3.5200000e+02   3.9577658e+02
   3.5300000e+02   3.9219234e+02
   3.5400000e+02   3.8987212e+02
   3.5500000e+02   3.8899021e+02
   3.5600000e+02   3.8947041e+02
   3.5700000e+02   3.9114538e+02
   3.5800000e+02   3.9365145e+02
   3.5900000e+02   3.9666769e+02
   3.6000000e+02   3.9972179e+02
   3.6100000e+02   4.0244681e+02
   3.6200000e+02   4.0453340e+02
   3.6300000e+02   4.0574995e+02
   3.6400000e+02   4.0598749e+02
   3.6500000e+02   4.0532636e+02
   3.6600000e+02   4.0385561e+02
   3.6700000e+02   4.0186948e+02
   3.6800000e+02   3.9958861e+02
   3.6900000e+02   3.9741629e+02
   3.7000000e+02   3.9550732e+02
   3.7100000e+02   3.9422554e+02
   3.7200000e+02   3.9360684e+02
   3.7300000e+02   3.9378461e+02
   3.7400000e+02   3.9467772e+02
   3.7500000e+02   3.9618646e+02
   3.7600000e+02   3.9805075e+02
   3.7700000e+02   4.0008801e+02
   3.7800000e+02   4.0193784e+02
   3.7900000e+02   4.0338692e+02
   3.8000000e+02   4.0419310e+02
   3.8100000e+02   4.0424107e+02
   3.8200000e+02   4.0346183e+02
   3.8300000e+02   4.0198853e+02
   3.8400000e+02   3.9996024e+02
   3.8500000e+02   3.9764367e+02
   3.8600000e+02   3.9540462e+02
   3.8700000e+02   3.9352185e+02
   3.8800000e+02   3.9230954e+02
   3.8900000e+02   3.9203517e+02
   3.9000000e+02   3.9277357e+02
   3.9100000e+02   3.9455288e+02
   3.9200000e+02   3.9729629e+02
   3.9300000e+02   4.0067680e+02
   3.9400000e+02   4.0441606e+02
   3.9500000e+02   4.0809222e+02
   3.9600000e+02   4.1129612e+02
   3.9700000e+02   4.1358477e+02
   3.9800000e+02   4.1480723e+02
   3.9900000e+02   4.1461419e+02
   4.0000000e+02   4.1313116e+02
   4.0100000e+02   4.1043377e+02
   4.0200000e+02   4.0679347e+02
   4.0300000e+02   4.0254537e+02
   4.0400000e+02   3.9821729e+02
   4.0500000e+02   3.9405412e+02
   4.0600000e+02   3.9057856e+02
   4.0700000e+02   3.8802935e+02
   4.0800000e+02   3.8658641e+02
   4.0900000e+02   3.8634327e+02
   4.1000000e+02   3.8731154e+02
   4.1100000e+02   3.8925364e+02
   4.1200000e+02   3.9200495e+02
   4.1300000e+02   3.9528613e+02
   4.1400000e+02   3.9865720e+02
   4.1500000e+02   4.0186408e+02
   4.1600000e+02   4.0462726e+02
   4.1700000e+02   4.0653120e+02
   4.1800000e+02   4.0762236e+02
   4.1900000e+02   4.0770275e+02
   4.2000000e+02   4.0683812e+02
   4.2100000e+02   4.0518871e+02
   4.2200000e+02   4.0301635e+02
   4.2300000e+02   4.0046386e+02
   4.2400000e+02   3.9800910e+02
   4.2500000e+02   3.9581856e+02
   4.2600000e+02   3.9418173e+02
   4.2700000e+02   3.9330547e+02
   4.2800000e+02   3.9330142e+02
   4.2900000e+02   3.9409681e+02
   4.3000000e+02   3.9571053e+02
   4.3100000e+02   3.9791060e+02
   4.3200000e+02   4.0036739e+02
   4.3300000e+02   4.0295441e+02
   4.3400000e+02   4.0520947e+02
   4.3500000e+02   4.0690582e+02
   4.3600000e+02   4.0787506e+02
   4.3700000e+02   4.0797368e+02
   4.3800000e+02   4.0711108e+02
   4.3900000e+02   4.0556371e+02
   4.4000000e+02   4.0336846e+02
   4.4100000e+02   4.0083762e+02
   4.4200000e+02   3.9833845e+02
   4.4300000e+02   3.9609077e+02
   4.4400000e+02   3.9433490e+02
   4.4500000e+02   3.9341254e+02
   4.4600000e+02   3.9328033e+02
   4.4700000e+02   3.9400682e+02
   4.4800000e+02   3.9562411e+02
   4.4900000e+02   3.9780452e+02
   4.5000000e+02   4.0039748e+02
   4.5100000e+02   4.0317188e+02
   4.5200000e+02   4.0566025e+02
   4.5300000e+02   4.0766757e+02
   4.5400000e+02   4.0891726e+02
   4.5500000e+02   4.0913166e+02
   4.5600000e+02   4.0822854e+02
   4.5700000e+02   4.0630790e+02
   4.5800000e+02   4.0332830e+02
   4.5900000e+02   3.9964353e+02
   4.6000000e+02   3.9560035e+02
   4.6100000e+02   3.9149860e+02
   4.6200000e+02   3.8783806e+02
   4.6300000e+02   3.8508139e+02
   4.6400000e+02   3.8343721e+02
   4.6500000e+02   3.8331905e+02
   4.6600000e+02   3.8484675e+02
   4.6700000e+02   3.8792354e+02
   4.6800000e+02   3.9249642e+02
   4.6900000e+02   3.9822737e+02
   4.7000000e+02   4.0454306e+02
   4.7100000e+02   4.1098249e+02
   4.7200000e+02   4.1688480e+02
   4.7300000e+02   4.2153154e+02
   4.7400000e+02   4.2447573e+02
   4.7500000e+02   4.2536550e+02
   4.7600000e+02   4.2384356e+02
   4.7700000e+02   4.2021467e+02
   4.7800000e+02   4.1466562e+02
   4.7900000e+02   4.0766889e+02
   4.8000000e+02   4.0000729e+02
   4.8100000e+02   3.9233771e+02
   4.8200000e+02   3.8530404e+02
   4.8300000e+02   3.7969610e+02
   4.8400000e+02   3.7591990e+02
   4.8500000e+02   3.7426053e+02
   4.8600000e+02   3.7502048e+02
   4.8700000e+02   3.7802655e+02
   4.8800000e+02   3.8302107e+02
   4.8900000e+02   3.8969343e+02
   4.9000000e+02   3.9736408e+02
   4.9100000e+02   4.0532126e+02
   4.9200000e+02   4.1298890e+02
   4.9300000e+02   4.1948790e+02
   4.9400000e+02   4.2422224e+02
   4.9500000e+02   4.2688761e+02
   4.9600000e+02   4.2701598e+02
   4.9700000e+02   4.2475968e+02
   4.9800000e+02   4.2033866e+02
   4.9900000e+02   4.1417702e+02
   5.0000000e+02   4.0685192e+02
   5.0100000e+02   3.9919435e+02
   5.0200000e+02   3.9175627e+02
   5.0300000e+02   3.8527165e+02
   5.0400000e+02   3.8032531e+02
   5.0500000e+02   3.7721546e+02
   5.0600000e+02   3.7620726e+02
   5.0700000e+02   3.7738652e+02
   5.0800000e+02   3.8052386e+02
   5.0900000e+02   3.8530934e+02
   5.1000000e+02   3.9140351e+02
   5.1100000e+02   3.9805282e+02
   5.1200000e+02   4.0481038e+02
   5.1300000e+02   4.1101209e+02
   5.1400000e+02   4.1612128e+02
   5.1500000e+02   4.1970390e+02
   5.1600000e+02   4.2166911e+02
   5.1700000e+02   4.2174255e+02
   5.1800000e+02   4.2022446e+02
   5.1900000e+02   4.1736494e+02
   5.2000000e+02   4.1342740e+02
   5.2100000e+02   4.0895508e+02
   5.2200000e+02   4.0436001e+02
   5.2300000e+02   3.9989145e+02
   5.2400000e+02   3.9598427e+02
   5.2500000e+02   3.9277672e+02
   5.2600000e+02   3.9031489e+02
   5.2700000e+02   3.8869155e+02
   5.2800000e+02   3.8784073e+02
   5.2900000e+02   3.8757373e+02
   5.3000000e+02   3.8789282e+02
   5.3100000e+02   3.8858672e+02
   5.3200000e+02   3.8956090e+02
   5.3300000e+02   3.9075113e+02
   5.3400000e+02   3.9216341e+02
   5.3500000e+02   3.9361962e+02
   5.3600000e+02   3.9534742e+02
   5.3700000e+02   3.9720721e+02
   5.3800000e+02   3.9923366e+02
   5.3900000e+02   4.0148015e+02
   5.4000000e+02   4.0385215e+02
   5.4100000e+02   4.0620999e+02
   5.4200000e+02   4.0855304e+02
   5.4300000e+02   4.1056883e+02
   5.4400000e+02   4.1211097e+02
   5.4500000e+02   4.1300854e+02
   5.4600000e+02   4.1303212e+02
   5.4700000e+02   4.1202264e+02
   5.4800000e+02   4.1003659e+02
   5.4900000e+02   4.0701614e+02
   5.5000000e+02   4.0314524e+02
   5.5100000e+02   3.9876419e+02
   5.5200000e+02   3.9412760e+02
   5.5300000e+02   3.8970321e+02
   5.5400000e+02   3.8595024e+02
   5.5500000e+02   3.8322234e+02
   5.5600000e+02   3.8187130e+02
   5.5700000e+02   3.8219256e+02
   5.5800000e+02   3.8419377e+02
   5.5900000e+02   3.8791022e+02
   5.6000000e+02   3.9307151e+02
   5.6100000e+02   3.9939002e+02
   5.6200000e+02   4.0627337e+02
   5.6300000e+02   4.1328314e+02
   5.6400000e+02   4.1964044e+02
   5.6500000e+02   4.2485027e+02
   5.6600000e+02   4.2831497e+02
   5.6700000e+02   4.2966751e+02
   5.6800000e+02   4.2864193e+02
   5.6900000e+02   4.2532590e+02
   5.7000000e+02   4.1981387e+02
   5.7100000e+02   4.1260215e+02
   5.7200000e+02   4.0421064e+02
   5.7300000e+02   3.9529763e+02
   5.7400000e+02   3.8657352e+02
   5.7500000e+02   3.7875083e+02
   5.7600000e+02   3.7240803e+02
   5.7700000e+02   3.6807869e+02
   5.7800000e+02   3.6614911e+02
   5.7900000e+02   3.6680525e+02
   5.8000000e+02   3.7005406e+02
   5.8100000e+02   3.7583350e+02
   5.8200000e+02   3.8365304e+02
   5.8300000e+02   3.9313899e+02
   5.8400000e+02   4.0346849e+02
   5.8500000e+02   4.1391072e+02
   5.8600000e+02   4.2351642e+02
   5.8700000e+02   4.3150738e+02
   5.8800000e+02   4.3700203e+02
   5.8900000e+02   4.3957244e+02
   5.9000000e+02   4.3881810e+02
   5.9100000e+02   4.3483387e+02
   5.9200000e+02   4.2795937e+02
   5.9300000e+02   4.1881572e+02
   5.9400000e+02   4.0827603e+02
   5.9500000e+02   3.9729570e+02
   5.9600000e+02   3.8689909e+02
   5.9700000e+02   3.7793604e+02
   5.9800000e+02   3.7126075e+02
   5.9900000e+02   3.6731619e+02
   6.0000000e+02   3.6652975e+02
   6.0100000e+02   3.6883025e+02
   6.0200000e+02   3.7412777e+02
   6.0300000e+02   3.8188545e+02
   6.0400000e+02   3.9145388e+02
   6.0500000e+02   4.0197561e+02
   6.0600000e+02   4.1250453e+02
   6.0700000e+02   4.2200227e+02
   6.0800000e+02   4.2968164e+02
   6.0900000e+02   4.3474581e+02
   6.1000000e+02   4.3678804e+02
   6.1100000e+02   4.3573462e+02
   6.1200000e+02   4.3171335e+02
   6.1300000e+02   4.2524117e+02
   6.1400000e+02   4.1702441e+02
   6.1500000e+02   4.0781562e+02
   6.1600000e+02   3.9850411e+02
   6.1700000e+02   3.8983848e+02
   6.1800000e+02   3.8250008e+02
   6.1900000e+02   3.7692708e+02
   6.2000000e+02   3.7354173e+02
   6.2100000e+02   3.7233445e+02
   6.2200000e+02   3.7335075e+02
   6.2300000e+02   3.7632496e+02
   6.2400000e+02   3.8091742e+02
   6.2500000e+02   3.8663297e+02
   6.2600000e+02   3.9301807e+02
   6.2700000e+02   3.9943464e+02
   6.2800000e+02   4.0544160e+02
   6.2900000e+02   4.1057911e+02
   6.3000000e+02   4.1450454e+02
   6.3100000e+02   4.1703808e+02
   6.3200000e+02   4.1818416e+02
   6.3300000e+02   4.1796357e+02
   6.3400000e+02   4.1661335e+02
   6.3500000e+02   4.1443358e+02
   6.3600000e+02   4.1165142e+02
   6.3700000e+02   4.0860623e+02
   6.3800000e+02   4.0556058e+02
   6.3900000e+02   4.0261693e+02
   6.4000000e+02   3.9997352e+02
   6.4100000e+02   3.9764609e+02
   6.4200000e+02   3.9560901e+02
   6.4300000e+02   3.9385329e+02
   6.4400000e+02   3.9236539e+02
   6.4500000e+02   3.9105782e+02
   6.4600000e+02   3.8998338e+02
   6.4700000e+02   3.8922689e+02
   6.4800000e+02   3.8874642e+02
   6.4900000e+02   3.8879241e+02
   6.5000000e+02   3.8940656e+02
   6.5100000e+02   3.9065759e+02
   6.5200000e+02   3.9267164e+02
   6.5300000e+02   3.9543830e+02
   6.5400000e+02   3.9879067e+02
   6.5500000e+02   4.0269513e+02
   6.5600000e+02   4.0683059e+02
   6.5700000e+02   4.1085364e+02
   6.5800000e+02   4.1449129e+02
   6.5900000e+02   4.1730680e+02
   6.6000000e+02   4.1893434e+02
   6.6100000e+02   4.1916464e+02
   6.6200000e+02   4.1784478e+02
   6.6300000e+02   4.1483413e+02
   6.6400000e+02   4.1047536e+02
   6.6500000e+02   4.0492575e+02
   6.6600000e+02   3.9861723e+02
   6.6700000e+02   3.9220360e+02
   6.6800000e+02   3.8610672e+02
   6.6900000e+02   3.8094352e+02
   6.7000000e+02   3.7726391e+02
   6.7100000e+02   3.7540774e+02
   6.7200000e+02   3.7559764e+02
   6.7300000e+02   3.7807294e+02
   6.7400000e+02   3.8257394e+02
   6.7500000e+02   3.8890469e+02
   6.7600000e+02   3.9663221e+02
   6.7700000e+02   4.0509629e+02
   6.7800000e+02   4.1352993e+02
   6.7900000e+02   4.2133512e+02
   6.8000000e+02   4.2754281e+02
   6.8100000e+02   4.3166118e+02
   6.8200000e+02   4.3328030e+02
   6.8300000e+02   4.3205947e+02
   6.8400000e+02   4.2819477e+02
   6.8500000e+02   4.2201162e+02
   6.8600000e+02   4.1401667e+02
   6.8700000e+02   4.0497659e+02
   6.8800000e+02   3.9572762e+02
   6.8900000e+02   3.8698233e+02
   6.9000000e+02   3.7949130e+02
   6.9100000e+02   3.7391653e+02
   6.9200000e+02   3.7054251e+02
   6.9300000e+02   3.6969430e+02
   6.9400000e+02   3.7142528e+02
   6.9500000e+02   3.7548387e+02
   6.9600000e+02   3.8158136e+02
   6.9700000e+02   3.8929817e+02
   6.9800000e+02   3.9778841e+02
   6.9900000e+02   4.0654799e+02
   7.0000000e+02   4.1472032e+02
   7.0100000e+02   4.2155024e+02
   7.0200000e+02   4.2651530e+02
   7.0300000e+02   4.2919493e+02
   7.0400000e+02   4.2922653e+02
   7.0500000e+02   4.2679809e+02
   7.0600000e+02   4.2213216e+02
   7.0700000e+02   4.1558620e+02
   7.0800000e+02   4.0795869e+02
   7.0900000e+02   3.9990178e+02
   7.1000000e+02   3.9205240e+02
   7.1100000e+02   3.8529215e+02
   7.1200000e+02   3.8007792e+02
   7.1300000e+02   3.7681945e+02
   7.1400000e+02   3.7590269e+02
   7.1500000e+02   3.7726885e+02
   7.1600000e+02   3.8076893e+02
   7.1700000e+02   3.8616463e+02
   7.1800000e+02   3.9284731e+02
   7.1900000e+02   4.0014826e+02
   7.2000000e+02   4.0748289e+02
   7.2100000e+02   4.1399220e+02
   7.2200000e+02   4.1906116e+02
   7.2300000e+02   4.2229711e+02
   7.2400000e+02   4.2336598e+02
   7.2500000e+02   4.2217424e+02
   7.2600000e+02   4.1917327e+02
   7.2700000e+02   4.1452876e+02
   7.2800000e+02   4.0896432e+02
   7.2900000e+02   4.0307861e+02
   7.3000000e+02   3.9745401e+02
   7.3100000e+02   3.9258320e+02
   7.3200000e+02   3.8900290e+02
   7.3300000e+02   3.8679502e+02
   7.3400000e+02   3.8611904e+02
   7.3500000e+02   3.8691608e+02
   7.3600000e+02   3.8889242e+02
   7.3700000e+02   3.9170737e+02
   7.3800000e+02   3.9506240e+02
   7.3900000e+02   3.9836743e+02
   7.4000000e+02   4.0128689e+02
   7.4100000e+02   4.0354936e+02
   7.4200000e+02   4.0478500e+02
   7.4300000e+02   4.0497044e+02
   7.4400000e+02   4.0424655e+02
   7.4500000e+02   4.0256950e+02
   7.4600000e+02   4.0044797e+02
   7.4700000e+02   3.9811477e+02
   7.4800000e+02   3.9594748e+02
   7.4900000e+02   3.9427600e+02
   7.5000000e+02   3.9348371e+02
   7.5100000e+02   3.9351434e+02
   7.5200000e+02   3.9463621e+02
   7.5300000e+02   3.9664728e+02
   7.5400000e+02   3.9930205e+02
   7.5500000e+02   4.0236213e+02
   7.5600000e+02   4.0542116e+02
   7.5700000e+02   4.0799905e+02
   7.5800000e+02   4.0981531e+02
   7.5900000e+02   4.1058255e+02
   7.6000000e+02   4.1000750e+02
   7.6100000e+02   4.0830239e+02
   7.6200000e+02   4.0547111e+02
   7.6300000e+02   4.0189059e+02
   7.6400000e+02   3.9795293e+02
   7.6500000e+02   3.9420811e+02
   7.6600000e+02   3.9094421e+02
   7.6700000e+02   3.8878566e+02
   7.6800000e+02   3.8787664e+02
   7.6900000e+02   3.8837543e+02
   7.7000000e+02   3.9036561e+02
   7.7100000e+02   3.9359929e+02
   7.7200000e+02   3.9772957e+02
   7.7300000e+02   4.0243428e+02
   7.7400000e+02   4.0709429e+02
   7.7500000e+02   4.1120516e+02
   7.7600000e+02   4.1435522e+02
   7.7700000e+02   4.1610956e+02
   7.7800000e+02   4.1622370e+02
   7.7900000e+02   4.1477646e+02
   7.8000000e+02   4.1175029e+02
   7.8100000e+02   4.0755532e+02
   7.8200000e+02   4.0258644e+02
   7.8300000e+02   3.9736936e+02
   7.8400000e+02   3.9232631e+02
   7.8500000e+02   3.8810735e+02
   7.8600000e+02   3.8491532e+02
   7.8700000e+02   3.8317379e+02
   7.8800000e+02   3.8296719e+02
   7.8900000e+02   3.8430300e+02
   7.9000000e+02   3.8700243e+02
   7.9100000e+02   3.9086707e+02
   7.9200000e+02   3.9542631e+02
   7.9300000e+02   4.0026757e+02
   7.9400000e+02   4.0492898e+02
   7.9500000e+02   4.0889658e+02
   7.9600000e+02   4.1179184e+02
   7.9700000e+02   4.1340579e+02
   7.9800000e+02   4.1351250e+02
   7.9900000e+02   4.1221632e+02
   8.0000000e+02   4.0974070e+02
   8.0100000e+02   4.0631661e+02
   8.0200000e+02   4.0246043e+02
   8.0300000e+02   3.9861271e+02
   8.0400000e+02   3.9515679e+02
   8.0500000e+02   3.9254817e+02
   8.0600000e+02   3.9102743e+02
   8.0700000e+02   3.9071678e+02
   8.0800000e+02   3.9165938e+02
   8.0900000e+02   3.9369093e+02
   8.1000000e+02   3.9653681e+02
   8.1100000e+02   3.9982624e+02
   8.1200000e+02   4.0321549e+02
   8.1300000e+02   4.0615217e+02
   8.1400000e+02   4.0840303e+02
   8.1500000e+02   4.0956857e+02
   8.1600000e+02   4.0954704e+02
   8.1700000e+02   4.0829152e+02
   8.1800000e+02   4.0596026e+02
   8.1900000e+02   4.0274665e+02
   8.2000000e+02   3.9909306e+02
   8.2100000e+02   3.9532602e+02
   8.2200000e+02   3.9192070e+02
   8.2300000e+02   3.8924397e+02
   8.2400000e+02   3.8763137e+02
   8.2500000e+02   3.8728745e+02
   8.2600000e+02   3.8830138e+02
   8.2700000e+02   3.9067170e+02
   8.2800000e+02   3.9417261e+02
   8.2900000e+02   3.9852663e+02
   8.3000000e+02   4.0333183e+02
   8.3100000e+02   4.0805099e+02
   8.3200000e+02   4.1223510e+02
   8.3300000e+02   4.1533136e+02
   8.3400000e+02   4.1699838e+02
   8.3500000e+02   4.1688629e+02
   8.3600000e+02   4.1502836e+02
   8.3700000e+02   4.1141242e+02
   8.3800000e+02   4.0646510e+02
   8.3900000e+02   4.0059389e+02
   8.4000000e+02   3.9442182e+02
   8.4100000e+02   3.8857138e+02
   8.4200000e+02   3.8371278e+02
   8.4300000e+02   3.8031767e+02
   8.4400000e+02   3.7887252e+02
   8.4500000e+02   3.7957043e+02
   8.4600000e+02   3.8245180e+02
   8.4700000e+02   3.8737366e+02
   8.4800000e+02   3.9390205e+02
   8.4900000e+02   4.0154566e+02
   8.5000000e+02   4.0948326e+02
   8.5100000e+02   4.1704600e+02
   8.5200000e+02   4.2334257e+02
   8.5300000e+02   4.2770799e+02
   8.5400000e+02   4.2964489e+02
   8.5500000e+02   4.2883537e+02
   8.5600000e+02   4.2529201e+02
   8.5700000e+02   4.1936965e+02
   8.5800000e+02   4.1157440e+02
   8.5900000e+02   4.0265418e+02
   8.6000000e+02   3.9350585e+02
   8.6100000e+02   3.8488947e+02
   8.6200000e+02   3.7767044e+02
   8.6300000e+02   3.7244661e+02
   8.6400000e+02   3.6966300e+02
   8.6500000e+02   3.6956340e+02
   8.6600000e+02   3.7220304e+02
   8.6700000e+02   3.7729991e+02
   8.6800000e+02   3.8447247e+02
   8.6900000e+02   3.9314986e+02
   8.7000000e+02   4.0243329e+02
   8.7100000e+02   4.1162958e+02
   8.7200000e+02   4.1979438e+02
   8.7300000e+02   4.2615803e+02
   8.7400000e+02   4.3016536e+02
   8.7500000e+02   4.3143840e+02
   8.7600000e+02   4.2985736e+02
   8.7700000e+02   4.2571289e+02
   8.7800000e+02   4.1946312e+02
   8.7900000e+02   4.1174579e+02
   8.8000000e+02   4.0341737e+02
   8.8100000e+02   3.9526130e+02
   8.8200000e+02   3.8801358e+02
   8.8300000e+02   3.8235023e+02
   8.8400000e+02   3.7869173e+02
   8.8500000e+02   3.7723010e+02
   8.8600000e+02   3.7805523e+02
   8.8700000e+02   3.8095218e+02
   8.8800000e+02   3.8549140e+02
   8.8900000e+02   3.9127263e+02
   8.9000000e+02   3.9757832e+02
   8.9100000e+02   4.0381327e+02
   8.9200000e+02   4.0938375e+02
   8.9300000e+02   4.1384827e+02
   8.9400000e+02   4.1674091e+02
   8.9500000e+02   4.1810597e+02
   8.9600000e+02   4.1784557e+02
   8.9700000e+02   4.1617645e+02
   8.9800000e+02   4.1350731e+02
   8.9900000e+02   4.1014413e+02
   9.0000000e+02   4.0645223e+02
   9.0100000e+02   4.0289475e+02
   9.0200000e+02   3.9963989e+02
   9.0300000e+02   3.9687670e+02
   9.0400000e+02   3.9480177e+02
   9.0500000e+02   3.9326379e+02
   9.0600000e+02   3.9222635e+02
   9.0700000e+02   3.9164428e+02
   9.0800000e+02   3.9125278e+02
   9.0900000e+02   3.9097462e+02
   9.1000000e+02   3.9074064e+02
   9.1100000e+02   3.9046363e+02
   9.1200000e+02   3.9012762e+02
   9.1300000e+02   3.8998087e+02
   9.1400000e+02   3.8993055e+02
   9.1500000e+02   3.9032204e+02
   9.1600000e+02   3.9127314e+02
   9.1700000e+02   3.9288809e+02
   9.1800000e+02   3.9527648e+02
   9.1900000e+02   3.9851455e+02
   9.2000000e+02   4.0235606e+02
   9.2100000e+02   4.0667891e+02
   9.2200000e+02   4.1121669e+02
   9.2300000e+02   4.1539519e+02
   9.2400000e+02   4.1893516e+02
   9.2500000e+02   4.2133981e+02
   9.2600000e+02   4.2216839e+02
   9.2700000e+02   4.2120870e+02
   9.2800000e+02   4.1847833e+02
   9.2900000e+02   4.1382191e+02
   9.3000000e+02   4.0784527e+02
   9.3100000e+02   4.0085025e+02
   9.3200000e+02   3.9346122e+02
   9.3300000e+02   3.8642311e+02
   9.3400000e+02   3.8036215e+02
   9.3500000e+02   3.7580572e+02
   9.3600000e+02   3.7334722e+02
   9.3700000e+02   3.7323654e+02
   9.3800000e+02   3.7555839e+02
   9.3900000e+02   3.8033446e+02
   9.4000000e+02   3.8723858e+02
   9.4100000e+02   3.9571899e+02
   9.4200000e+02   4.0526288e+02
   9.4300000e+02   4.1497107e+02
   9.4400000e+02   4.2397972e+02
   9.4500000e+02   4.3149160e+02
   9.4600000e+02   4.3673427e+02
   9.4700000e+02   4.3898457e+02
   9.4800000e+02   4.3816459e+02
   9.4900000e+02   4.3402522e+02
   9.5000000e+02   4.2694931e+02
   9.5100000e+02   4.1750752e+02
   9.5200000e+02   4.0651349e+02
   9.5300000e+02   3.9477705e+02
   9.5400000e+02   3.8348631e+02
   9.5500000e+02   3.7341875e+02
   9.5600000e+02   3.6541670e+02
   9.5700000e+02   3.6027312e+02
   9.5800000e+02   3.5831790e+02
   9.5900000e+02   3.5978813e+02
   9.6000000e+02   3.6480442e+02
   9.6100000e+02   3.7293614e+02
   9.6200000e+02   3.8372355e+02
   9.6300000e+02   3.9647311e+02
   9.6400000e+02   4.1003942e+02
   9.6500000e+02   4.2334805e+02
   9.6600000e+02   4.3524692e+02
   9.6700000e+02   4.4444343e+02
   9.6800000e+02   4.5007570e+02
   9.6900000e+02   4.5163036e+02
   9.7000000e+02   4.4872004e+02
   9.7100000e+02   4.4175367e+02
   9.7200000e+02   4.3148069e+02
   9.7300000e+02   4.1877303e+02
   9.7400000e+02   4.0500324e+02
   9.7500000e+02   3.9150264e+02
   9.7600000e+02   3.7926685e+02
   9.7700000e+02   3.6956010e+02
   9.7800000e+02   3.6298095e+02
   9.7900000e+02   3.6001826e+02
   9.8000000e+02   3.6080983e+02
   9.8100000e+02   3.6524759e+02
   9.8200000e+02   3.7274001e+02
   9.8300000e+02   3.8275508e+02
   9.8400000e+02   3.9426798e+02
   9.8500000e+02   4.0626132e+02
   9.8600000e+02   4.1762703e+02
   9.8700000e+02   4.2740629e+02
   9.8800000e+02   4.3459139e+02
   9.8900000e+02   4.3874507e+02
   9.9000000e+02   4.3954623e+02
   9.9100000e+02   4.3697984e+02
   9.9200000e+02   4.3158068e+02
   9.9300000e+02   4.2393188e+02
   9.9400000e+02   4.1478376e+02
   9.9500000e+02   4.0514008e+02
   9.9600000e+02   3.9575704e+02
   9.9700000e+02   3.8737822e+02
   9.9800000e+02   3.8062730e+02
   9.9900000e+02   3.7596654e+02
   1.0000000e+03   3.7341465e+02
