   -1000.000     426.330459
    -999.000     418.135994
    -998.000     410.935148
    -997.000     405.377608
    -996.000     402.005514
    -995.000     401.296407
    -994.000     403.530804
    -993.000     408.630050
    -992.000     416.488807
    -991.000     426.615525
    -990.000     438.224315
    -989.000     450.561218
    -988.000     462.413637
    -987.000     472.743055
    -986.000     480.441848
    -985.000     484.666909
    -984.000     484.780352
    -983.000     480.725761
    -982.000     472.701448
    -981.000     461.416147
    -980.000     447.957294
    -979.000     433.540514
    -978.000     419.514293
    -977.000     407.140742
    -976.000     397.514384
    -975.000     391.396716
    -974.000     389.380927
    -973.000     391.577616
    -972.000     397.889181
    -971.000     407.773476
    -970.000     420.481910
    -969.000     434.937638
    -968.000     449.825185
    -967.000     463.930556
    -966.000     475.754853
    -965.000     484.355773
    -964.000     488.835354
    -963.000     488.844926
    -962.000     484.465728
    -961.000     476.241106
    -960.000     464.914136
    -959.000     451.777896
    -958.000     437.864403
    -957.000     424.487964
    -956.000     412.678729
    -955.000     403.283467
    -954.000     396.967232
    -953.000     394.075711
    -952.000     394.736202
    -951.000     398.762047
    -950.000     405.820120
    -949.000     415.245820
    -948.000     426.298089
    -947.000     438.034200
    -946.000     449.456364
    -945.000     459.622213
    -944.000     467.619500
    -943.000     472.866330
    -942.000     474.895060
    -941.000     473.692811
    -940.000     469.448069
    -939.000     462.722247
    -938.000     454.166662
    -937.000     444.726986
    -936.000     435.154973
    -935.000     426.367385
    -934.000     419.000933
    -933.000     413.563644
    -932.000     410.398975
    -931.000     409.590566
    -930.000     411.010882
    -929.000     414.379643
    -928.000     419.290938
    -927.000     425.115197
    -926.000     431.333536
    -925.000     437.359533
    -924.000     442.598868
    -923.000     446.777361
    -922.000     449.620421
    -921.000     450.991551
    -920.000     451.104451
    -919.000     450.088861
    -918.000     448.231470
    -917.000     445.918666
    -916.000     443.436482
    -915.000     440.982357
    -914.000     438.858174
    -913.000     437.048801
    -912.000     435.617174
    -911.000     434.470156
    -910.000     433.546620
    -909.000     432.568833
    -908.000     431.611904
    -907.000     430.403438
    -906.000     429.011426
    -905.000     427.472049
    -904.000     425.913588
    -903.000     424.483248
    -902.000     423.527468
    -901.000     423.209875
    -900.000     423.767658
    -899.000     425.452483
    -898.000     428.253768
    -897.000     432.133230
    -896.000     436.981823
    -895.000     442.334941
    -894.000     447.801621
    -893.000     452.851109
    -892.000     456.853354
    -891.000     459.239257
    -890.000     459.747458
    -889.000     457.908611
    -888.000     453.955641
    -887.000     448.011925
    -886.000     440.647533
    -885.000     432.431202
    -884.000     424.305728
    -883.000     416.887422
    -882.000     411.011176
    -881.000     407.307991
    -880.000     406.059832
    -879.000     407.566546
    -878.000     411.783830
    -877.000     418.356065
    -876.000     426.785424
    -875.000     436.492261
    -874.000     446.331183
    -873.000     455.681405
    -872.000     463.457644
    -871.000     468.892526
    -870.000     471.429992
    -869.000     470.890268
    -868.000     467.080135
    -867.000     460.629241
    -866.000     452.074083
    -865.000     442.159166
    -864.000     432.012403
    -863.000     422.462113
    -862.000     414.318429
    -861.000     408.416020
    -860.000     405.106555
    -859.000     404.659025
    -858.000     407.122319
    -857.000     412.220436
    -856.000     419.386404
    -855.000     428.122394
    -854.000     437.429378
    -853.000     446.488866
    -852.000     454.424191
    -851.000     460.513043
    -850.000     463.988367
    -849.000     464.862351
    -848.000     462.867823
    -847.000     458.410781
    -846.000     452.099822
    -845.000     444.557757
    -844.000     436.591264
    -843.000     429.122903
    -842.000     422.700577
    -841.000     417.926938
    -840.000     415.234459
    -839.000     414.652780
    -838.000     416.142571
    -837.000     419.543243
    -836.000     424.299486
    -835.000     429.896466
    -834.000     435.862915
    -833.000     441.364970
    -832.000     445.992540
    -831.000     449.351263
    -830.000     451.000351
    -829.000     450.971561
    -828.000     449.410705
    -827.000     446.392990
    -826.000     442.505299
    -825.000     438.143907
    -824.000     433.762590
    -823.000     429.860995
    -822.000     426.942109
    -821.000     425.049930
    -820.000     424.585557
    -819.000     425.453921
    -818.000     427.481173
    -817.000     430.504035
    -816.000     434.158306
    -815.000     437.880491
    -814.000     441.391563
    -813.000     444.174044
    -812.000     445.829557
    -811.000     446.244637
    -810.000     445.296569
    -809.000     443.018048
    -808.000     439.777223
    -807.000     435.904942
    -806.000     431.800505
    -805.000     428.050942
    -804.000     425.094859
    -803.000     423.139411
    -802.000     422.710574
    -801.000     423.664447
    -800.000     426.023793
    -799.000     429.609920
    -798.000     434.039721
    -797.000     438.784453
    -796.000     443.519270
    -795.000     447.544397
    -794.000     450.475907
    -793.000     452.033131
    -792.000     451.910715
    -791.000     450.120778
    -790.000     446.890597
    -789.000     442.459215
    -788.000     437.241796
    -787.000     431.934686
    -786.000     426.845881
    -785.000     422.637286
    -784.000     419.694940
    -783.000     418.276811
    -782.000     418.543172
    -781.000     420.554587
    -780.000     424.014488
    -779.000     428.638023
    -778.000     434.031572
    -777.000     439.522993
    -776.000     444.633997
    -775.000     448.833567
    -774.000     451.595585
    -773.000     452.689662
    -772.000     452.085641
    -771.000     449.732161
    -770.000     446.065851
    -769.000     441.525756
    -768.000     436.523870
    -767.000     431.777946
    -766.000     427.714212
    -765.000     424.746058
    -764.000     423.147023
    -763.000     423.071756
    -762.000     424.322185
    -761.000     426.798325
    -760.000     430.083773
    -759.000     433.702165
    -758.000     437.246057
    -757.000     440.252561
    -756.000     442.327412
    -755.000     443.326949
    -754.000     443.134031
    -753.000     441.834232
    -752.000     439.731164
    -751.000     437.132920
    -750.000     434.410297
    -749.000     432.040189
    -748.000     430.323006
    -747.000     429.520185
    -746.000     429.784372
    -745.000     431.131754
    -744.000     433.332914
    -743.000     436.250380
    -742.000     439.397592
    -741.000     442.402282
    -740.000     444.847963
    -739.000     446.318869
    -738.000     446.521494
    -737.000     445.354175
    -736.000     442.810295
    -735.000     439.070500
    -734.000     434.556189
    -733.000     429.678121
    -732.000     424.991137
    -731.000     421.109032
    -730.000     418.438678
    -729.000     417.429130
    -728.000     418.310603
    -727.000     421.122147
    -726.000     425.703698
    -725.000     431.754025
    -724.000     438.638669
    -723.000     445.810278
    -722.000     452.387860
    -721.000     457.753645
    -720.000     461.173461
    -719.000     462.256932
    -718.000     460.793725
    -717.000     456.827033
    -716.000     450.762097
    -715.000     443.125720
    -714.000     434.684038
    -713.000     426.208064
    -712.000     418.543705
    -711.000     412.297516
    -710.000     408.150731
    -709.000     406.369972
    -708.000     407.213041
    -707.000     410.580927
    -706.000     416.332058
    -705.000     423.896890
    -704.000     432.809841
    -703.000     442.262273
    -702.000     451.447292
    -701.000     459.608549
    -700.000     465.932091
    -699.000     469.847058
    -698.000     470.975511
    -697.000     469.158720
    -696.000     464.580834
    -695.000     457.590865
    -694.000     448.897510
    -693.000     439.179160
    -692.000     429.378905
    -691.000     420.258953
    -690.000     412.630683
    -689.000     407.058610
    -688.000     404.066173
    -687.000     403.754171
    -686.000     406.301551
    -685.000     411.358317
    -684.000     418.591299
    -683.000     427.347433
    -682.000     436.928173
    -681.000     446.408035
    -680.000     455.020643
    -679.000     461.950826
    -678.000     466.529647
    -677.000     468.468711
    -676.000     467.588395
    -675.000     464.003669
    -674.000     458.257281
    -673.000     450.844808
    -672.000     442.510139
    -671.000     434.116367
    -670.000     426.257434
    -669.000     419.619873
    -668.000     414.692349
    -667.000     411.717815
    -666.000     410.803762
    -665.000     411.980416
    -664.000     414.901161
    -663.000     419.285042
    -662.000     424.703893
    -661.000     430.606237
    -660.000     436.468897
    -659.000     441.965550
    -658.000     446.471125
    -657.000     449.925158
    -656.000     452.072388
    -655.000     452.909919
    -654.000     452.517909
    -653.000     451.184807
    -652.000     448.999818
    -651.000     446.354942
    -650.000     443.470453
    -649.000     440.512974
    -648.000     437.663655
    -647.000     435.084505
    -646.000     432.661625
    -645.000     430.519582
    -644.000     428.613328
    -643.000     426.832928
    -642.000     425.263161
    -641.000     423.969763
    -640.000     422.877805
    -639.000     422.331659
    -638.000     422.324985
    -637.000     423.075854
    -636.000     424.702680
    -635.000     427.360710
    -634.000     430.860256
    -633.000     435.301551
    -632.000     440.342147
    -631.000     445.619016
    -630.000     450.818216
    -629.000     455.392598
    -628.000     458.805874
    -627.000     460.728490
    -626.000     460.790352
    -625.000     458.682076
    -624.000     454.660817
    -623.000     448.726537
    -622.000     441.367451
    -621.000     433.186203
    -620.000     424.847969
    -619.000     416.951442
    -618.000     410.435157
    -617.000     405.713184
    -616.000     403.322817
    -615.000     403.709388
    -614.000     406.823900
    -613.000     412.616495
    -612.000     420.850109
    -611.000     430.779714
    -610.000     441.715017
    -609.000     452.779754
    -608.000     462.810434
    -607.000     470.882076
    -606.000     476.247710
    -605.000     478.078640
    -604.000     476.288048
    -603.000     470.957787
    -602.000     462.519169
    -601.000     451.790570
    -600.000     439.913472
    -599.000     427.770933
    -598.000     416.648395
    -597.000     407.438018
    -596.000     400.844515
    -595.000     397.431235
    -594.000     397.468501
    -593.000     400.815148
    -592.000     407.266342
    -591.000     416.293797
    -590.000     427.038329
    -589.000     438.690158
    -588.000     450.259137
    -587.000     460.616376
    -586.000     468.994438
    -585.000     474.669599
    -584.000     477.039494
    -583.000     476.133766
    -582.000     472.076870
    -581.000     465.185101
    -580.000     456.335565
    -579.000     446.236427
    -578.000     435.709308
    -577.000     425.735179
    -576.000     417.008878
    -575.000     410.067324
    -574.000     405.501508
    -573.000     403.495486
    -572.000     404.018162
    -571.000     407.165201
    -570.000     412.448557
    -569.000     419.439651
    -568.000     427.681485
    -567.000     436.353989
    -566.000     444.752425
    -565.000     452.319905
    -564.000     458.279079
    -563.000     462.206381
    -562.000     463.933023
    -561.000     463.239952
    -560.000     460.377670
    -559.000     455.742426
    -558.000     449.762667
    -557.000     443.035571
    -556.000     436.299987
    -555.000     429.962737
    -554.000     424.577099
    -553.000     420.563108
    -552.000     417.973061
    -551.000     416.977818
    -550.000     417.469951
    -549.000     419.225182
    -548.000     421.957995
    -547.000     425.442968
    -546.000     429.182985
    -545.000     432.983636
    -544.000     436.553194
    -543.000     439.657574
    -542.000     442.169849
    -541.000     444.146686
    -540.000     445.418207
    -539.000     446.196875
    -538.000     446.534418
    -537.000     446.419795
    -536.000     446.049698
    -535.000     445.421203
    -534.000     444.492220
    -533.000     443.330236
    -532.000     441.871233
    -531.000     440.031452
    -530.000     437.829994
    -529.000     435.315453
    -528.000     432.404630
    -527.000     429.389280
    -526.000     426.354026
    -525.000     423.526992
    -524.000     421.233936
    -523.000     419.763795
    -522.000     419.264134
    -521.000     420.112780
    -520.000     422.271201
    -519.000     425.772592
    -518.000     430.508452
    -517.000     436.143368
    -516.000     442.221321
    -515.000     448.297982
    -514.000     453.728600
    -513.000     457.907959
    -512.000     460.433645
    -511.000     460.865423
    -510.000     459.043488
    -509.000     455.126251
    -508.000     449.298369
    -507.000     442.106535
    -506.000     434.228843
    -505.000     426.298794
    -504.000     419.094861
    -503.000     413.263050
    -502.000     409.336146
    -501.000     407.663167
    -500.000     408.488735
    -499.000     411.708152
    -498.000     417.164296
    -497.000     424.383577
    -496.000     432.819807
    -495.000     441.666274
    -494.000     450.249870
    -493.000     457.634182
    -492.000     463.252910
    -491.000     466.442598
    -490.000     466.995117
    -489.000     464.764889
    -488.000     460.067086
    -487.000     453.316028
    -486.000     445.196850
    -485.000     436.506681
    -484.000     428.030091
    -483.000     420.516050
    -482.000     414.673193
    -481.000     410.902565
    -480.000     409.538827
    -479.000     410.621920
    -478.000     414.007597
    -477.000     419.306453
    -476.000     426.065031
    -475.000     433.502973
    -474.000     441.005439
    -473.000     447.737825
    -472.000     453.171410
    -471.000     456.688291
    -470.000     458.145141
    -469.000     457.384857
    -468.000     454.687180
    -467.000     450.379248
    -466.000     445.004331
    -465.000     439.169927
    -464.000     433.420030
    -463.000     428.350567
    -462.000     424.296323
    -461.000     421.641330
    -460.000     420.448505
    -459.000     420.761903
    -458.000     422.393288
    -457.000     425.182811
    -456.000     428.645204
    -455.000     432.579534
    -454.000     436.420446
    -453.000     439.885099
    -452.000     442.639636
    -451.000     444.440455
    -450.000     445.150189
    -449.000     444.814933
    -448.000     443.486285
    -447.000     441.395360
    -446.000     438.823324
    -445.000     436.094260
    -444.000     433.479445
    -443.000     431.385203
    -442.000     429.929746
    -441.000     429.332333
    -440.000     429.640159
    -439.000     430.786994
    -438.000     432.563107
    -437.000     434.853800
    -436.000     437.192919
    -435.000     439.386413
    -434.000     441.078733
    -433.000     442.048627
    -432.000     442.083658
    -431.000     441.281175
    -430.000     439.577834
    -429.000     437.223769
    -428.000     434.532465
    -427.000     431.734923
    -426.000     429.198520
    -425.000     427.280824
    -424.000     426.107806
    -423.000     425.929395
    -422.000     426.813565
    -421.000     428.623999
    -420.000     431.290605
    -419.000     434.590041
    -418.000     438.124850
    -417.000     441.607798
    -416.000     444.718331
    -415.000     447.000310
    -414.000     448.298559
    -413.000     448.438993
    -412.000     447.270026
    -411.000     444.972752
    -410.000     441.761604
    -409.000     437.783262
    -408.000     433.634764
    -407.000     429.576239
    -406.000     426.052437
    -405.000     423.453521
    -404.000     422.036090
    -403.000     421.893944
    -402.000     423.156689
    -401.000     425.651970
    -400.000     429.080402
    -399.000     433.198028
    -398.000     437.504624
    -397.000     441.495279
    -396.000     444.848587
    -395.000     447.151673
    -394.000     448.104118
    -393.000     447.800485
    -392.000     446.202472
    -391.000     443.529608
    -390.000     440.279833
    -389.000     436.700465
    -388.000     433.262633
    -387.000     430.389877
    -386.000     428.331998
    -385.000     427.174331
    -384.000     427.183800
    -383.000     428.045453
    -382.000     429.685205
    -381.000     431.884088
    -380.000     434.217624
    -379.000     436.372874
    -378.000     438.196959
    -377.000     439.283529
    -376.000     439.611084
    -375.000     439.214462
    -374.000     438.061392
    -373.000     436.436286
    -372.000     434.623120
    -371.000     432.826887
    -370.000     431.375407
    -369.000     430.613040
    -368.000     430.549946
    -367.000     431.360500
    -366.000     433.098053
    -365.000     435.409069
    -364.000     438.234515
    -363.000     441.199882
    -362.000     443.834049
    -361.000     445.842142
    -360.000     446.927684
    -359.000     446.647784
    -358.000     445.106691
    -357.000     442.275248
    -356.000     438.298072
    -355.000     433.669129
    -354.000     428.855548
    -353.000     424.265113
    -352.000     420.624578
    -351.000     418.294172
    -350.000     417.549471
    -349.000     418.722057
    -348.000     421.699871
    -347.000     426.251010
    -346.000     432.119206
    -345.000     438.696568
    -344.000     445.339444
    -343.000     451.511356
    -342.000     456.508074
    -341.000     459.776605
    -340.000     461.070191
    -339.000     460.164513
    -338.000     456.999492
    -337.000     452.065181
    -336.000     445.559711
    -335.000     438.132818
    -334.000     430.448409
    -333.000     423.108270
    -332.000     416.657524
    -331.000     411.814445
    -330.000     408.788495
    -329.000     407.958728
    -328.000     409.450508
    -327.000     413.184024
    -326.000     418.868418
    -325.000     426.267558
    -324.000     434.666718
    -323.000     443.438443
    -322.000     451.939472
    -321.000     459.235239
    -320.000     464.705286
    -319.000     467.901193
    -318.000     468.258537
    -317.000     465.877748
    -316.000     460.928320
    -315.000     453.794468
    -314.000     445.164063
    -313.000     435.954780
    -312.000     426.751607
    -311.000     418.579233
    -310.000     412.006552
    -309.000     407.539528
    -308.000     405.524594
    -307.000     406.158170
    -306.000     409.173869
    -305.000     414.494454
    -304.000     421.569021
    -303.000     429.786461
    -302.000     438.580548
    -301.000     447.129929
    -300.000     454.775061
    -299.000     460.870595
    -298.000     465.015168
    -297.000     466.733567
    -296.000     466.133770
    -295.000     463.191895
    -294.000     458.267751
    -293.000     451.817167
    -292.000     444.479551
    -291.000     436.708867
    -290.000     429.322428
    -289.000     422.722598
    -288.000     417.381094
    -287.000     413.696611
    -286.000     411.794789
    -285.000     411.707262
    -284.000     413.423695
    -283.000     416.662606
    -282.000     421.123986
    -281.000     426.456095
    -280.000     432.235385
    -279.000     437.930514
    -278.000     443.316589
    -277.000     447.881775
    -276.000     451.457531
    -275.000     453.864746
    -274.000     455.051265
    -273.000     454.964377
    -272.000     453.850668
    -271.000     451.686612
    -270.000     448.773308
    -269.000     445.249260
    -268.000     441.321629
    -267.000     437.125487
    -266.000     432.936404
    -265.000     428.819560
    -264.000     424.991366
    -263.000     421.655709
    -262.000     418.916359
    -261.000     416.991617
    -260.000     416.054516
    -259.000     416.180703
    -258.000     417.525216
    -257.000     420.110938
    -256.000     423.888205
    -255.000     428.775908
    -254.000     434.539437
    -253.000     440.896637
    -252.000     447.430682
    -251.000     453.728403
    -250.000     459.219514
    -249.000     463.473649
    -248.000     465.984489
    -247.000     466.430741
    -246.000     464.569603
    -245.000     460.447105
    -244.000     454.155523
    -243.000     446.196765
    -242.000     437.066457
    -241.000     427.534830
    -240.000     418.376214
    -239.000     410.401367
    -238.000     404.357653
    -237.000     400.825196
    -236.000     400.283727
    -235.000     402.883141
    -234.000     408.570684
    -233.000     417.024231
    -232.000     427.604087
    -231.000     439.437881
    -230.000     451.508568
    -229.000     462.697628
    -228.000     471.850811
    -227.000     478.187791
    -226.000     480.949123
    -225.000     479.942096
    -224.000     475.265893
    -223.000     467.411133
    -222.000     457.075556
    -221.000     445.326912
    -220.000     433.041695
    -219.000     421.340405
    -218.000     411.053648
    -217.000     402.925521
    -216.000     397.503938
    -215.000     395.125153
    -214.000     395.919182
    -213.000     399.787259
    -212.000     406.491562
    -211.000     415.543760
    -210.000     426.298535
    -209.000     438.011733
    -208.000     449.788291
    -207.000     460.668280
    -206.000     469.860186
    -205.000     476.512342
    -204.000     480.056898
    -203.000     480.266485
    -202.000     477.015540
    -201.000     470.663709
    -200.000     461.764989
    -199.000     451.107698
    -198.000     439.553405
    -197.000     428.173116
    -196.000     417.747522
    -195.000     409.139921
    -194.000     402.992396
    -193.000     399.636193
    -192.000     399.310159
    -191.000     402.015445
    -190.000     407.384585
    -189.000     415.060335
    -188.000     424.405936
    -187.000     434.571050
    -186.000     444.825405
    -185.000     454.335195
    -184.000     462.234416
    -183.000     468.014678
    -182.000     471.271580
    -181.000     471.693310
    -180.000     469.493836
    -179.000     464.922145
    -178.000     458.367567
    -177.000     450.546390
    -176.000     442.084520
    -175.000     433.525245
    -174.000     425.664676
    -173.000     418.843571
    -172.000     413.523993
    -171.000     409.953195
    -170.000     408.296250
    -169.000     408.447791
    -168.000     410.453773
    -167.000     413.994064
    -166.000     418.805755
    -165.000     424.585562
    -164.000     430.952824
    -163.000     437.401033
    -162.000     443.718991
    -161.000     449.411928
    -160.000     454.157699
    -159.000     457.798665
    -158.000     460.057843
    -157.000     460.785102
    -156.000     460.093270
    -155.000     457.872288
    -154.000     454.297801
    -153.000     449.611875
    -152.000     444.055454
    -151.000     437.839356
    -150.000     431.575567
    -149.000     425.384476
    -148.000     419.812520
    -147.000     415.231430
    -146.000     411.912453
    -145.000     410.106042
    -144.000     410.144351
    -143.000     411.910283
    -142.000     415.486013
    -141.000     420.758285
    -140.000     427.323165
    -139.000     434.876035
    -138.000     442.954833
    -137.000     450.895304
    -136.000     458.112258
    -135.000     464.192269
    -134.000     468.273540
    -133.000     470.247155
    -132.000     469.761468
    -131.000     466.671062
    -130.000     461.244311
    -129.000     453.877216
    -128.000     444.911152
    -127.000     435.258692
    -126.000     425.548938
    -125.000     416.518710
    -124.000     408.988465
    -123.000     403.566852
    -122.000     400.625953
    -121.000     400.629923
    -120.000     403.571429
    -119.000     409.301612
    -118.000     417.513290
    -117.000     427.593119
    -116.000     438.603703
    -115.000     449.798815
    -114.000     459.974426
    -113.000     468.222567
    -112.000     473.745027
    -111.000     476.038106
    -110.000     474.747552
    -109.000     470.253983
    -108.000     462.916819
    -107.000     453.482425
    -106.000     442.970673
    -105.000     432.295651
    -104.000     422.258280
    -103.000     413.864991
    -102.000     407.518517
    -101.000     403.655960
    -100.000     402.554057
     -99.000     404.075569
     -98.000     408.026210
     -97.000     414.135104
     -96.000     421.765571
     -95.000     430.329220
     -94.000     439.266712
     -93.000     447.743159
     -92.000     455.161663
     -91.000     461.075108
     -90.000     464.925722
     -89.000     466.506319
     -88.000     465.919016
     -87.000     463.028090
     -86.000     458.352471
     -85.000     452.279070
     -84.000     445.228634
     -83.000     437.852249
     -82.000     430.759067
     -81.000     424.284550
     -80.000     419.020891
     -79.000     415.257018
     -78.000     413.124990
     -77.000     412.792248
     -76.000     414.224504
     -75.000     417.149904
     -74.000     421.417602
     -73.000     426.646987
     -72.000     432.320000
     -71.000     438.115956
     -70.000     443.536258
     -69.000     448.117048
     -68.000     451.643892
     -67.000     453.816270
     -66.000     454.540902
     -65.000     453.852506
     -64.000     451.938427
     -63.000     448.889773
     -62.000     445.156150
     -61.000     440.991213
     -60.000     436.686059
     -59.000     432.612546
     -58.000     429.016633
     -57.000     425.992475
     -56.000     423.835206
     -55.000     422.482833
     -54.000     421.964881
     -53.000     422.300343
     -52.000     423.347552
     -51.000     424.987040
     -50.000     427.155386
     -49.000     429.670337
     -48.000     432.372447
     -47.000     435.209390
     -46.000     437.988926
     -45.000     440.581182
     -44.000     442.976292
     -43.000     444.956297
     -42.000     446.466288
     -41.000     447.476879
     -40.000     447.832128
     -39.000     447.493349
     -38.000     446.505709
     -37.000     444.758450
     -36.000     442.387937
     -35.000     439.481130
     -34.000     436.158642
     -33.000     432.629023
     -32.000     429.206463
     -31.000     426.043025
     -30.000     423.478643
     -29.000     421.770025
     -28.000     421.043053
     -27.000     421.467220
     -26.000     423.086609
     -25.000     425.758130
     -24.000     429.391932
     -23.000     433.667231
     -22.000     438.260139
     -21.000     442.783367
     -20.000     446.846685
     -19.000     450.078421
     -18.000     452.158395
     -17.000     452.926997
     -16.000     452.244751
     -15.000     450.204827
     -14.000     446.957146
     -13.000     442.796696
     -12.000     438.052115
     -11.000     433.215869
     -10.000     428.580624
      -9.000     424.663680
      -8.000     421.685377
      -7.000     419.975847
      -6.000     419.572842
      -5.000     420.590686
      -4.000     422.838265
      -3.000     426.154089
      -2.000     430.207556
      -1.000     434.616464
       0.000     438.950709
