  -0.0000000e+00   5.0939157e+02
   1.0000000e+00   5.1075776e+02
   2.0000000e+00   5.1045455e+02
   3.0000000e+00   5.0863518e+02
   4.0000000e+00   5.0550268e+02
   5.0000000e+00   5.0116382e+02
   6.0000000e+00   4.9624679e+02
   7.0000000e+00   4.9113581e+02
   8.0000000e+00   4.8621386e+02
   9.0000000e+00   4.8205399e+02
   1.0000000e+01   4.7901409e+02
   1.1000000e+01   4.7717245e+02
   1.2000000e+01   4.7693806e+02
   1.3000000e+01   4.7814340e+02
   1.4000000e+01   4.8067729e+02
   1.5000000e+01   4.8439242e+02
   1.6000000e+01   4.8890375e+02
   1.7000000e+01   4.9372689e+02
   1.8000000e+01   4.9854505e+02
   1.9000000e+01   5.0285648e+02
   2.0000000e+01   5.0615690e+02
   2.1000000e+01   5.0833721e+02
   2.2000000e+01   5.0904560e+02
   2.3000000e+01   5.0822617e+02
   2.4000000e+01   5.0605131e+02
   2.5000000e+01   5.0271614e+02
   2.6000000e+01   4.9836854e+02
   2.7000000e+01   4.9370351e+02
   2.8000000e+01   4.8882894e+02
   2.9000000e+01   4.8428172e+02
   3.0000000e+01   4.8041503e+02
   3.1000000e+01   4.7744140e+02
   3.2000000e+01   4.7548211e+02
   3.3000000e+01   4.7477930e+02
   3.4000000e+01   4.7515221e+02
   3.5000000e+01   4.7655469e+02
   3.6000000e+01   4.7892878e+02
   3.7000000e+01   4.8198375e+02
   3.8000000e+01   4.8550317e+02
   3.9000000e+01   4.8942485e+02
   4.0000000e+01   4.9335475e+02
   4.1000000e+01   4.9720781e+02
   4.2000000e+01   5.0085442e+02
   4.3000000e+01   5.0405558e+02
   4.4000000e+01   5.0670569e+02
   4.5000000e+01   5.0884388e+02
   4.6000000e+01   5.1014841e+02
   4.7000000e+01   5.1075930e+02
   4.8000000e+01   5.1056674e+02
   4.9000000e+01   5.0953427e+02
   5.0000000e+01   5.0764023e+02
   5.1000000e+01   5.0512731e+02
   5.2000000e+01   5.0178459e+02
   5.3000000e+01   4.9798523e+02
   5.4000000e+01   4.9384710e+02
   5.5000000e+01   4.8948557e+02
   5.6000000e+01   4.8525203e+02
   5.7000000e+01   4.8143059e+02
   5.8000000e+01   4.7812559e+02
   5.9000000e+01   4.7576386e+02
   6.0000000e+01   4.7447945e+02
   6.1000000e+01   4.7434754e+02
   6.2000000e+01   4.7558310e+02
   6.3000000e+01   4.7808125e+02
   6.4000000e+01   4.8171904e+02
   6.5000000e+01   4.8630996e+02
   6.6000000e+01   4.9159455e+02
   6.7000000e+01   4.9702306e+02
   6.8000000e+01   5.0235275e+02
   6.9000000e+01   5.0700345e+02
   7.0000000e+01   5.1055534e+02
   7.1000000e+01   5.1270674e+02
   7.2000000e+01   5.1320068e+02
   7.3000000e+01   5.1181002e+02
   7.4000000e+01   5.0877536e+02
   7.5000000e+01   5.0411265e+02
   7.6000000e+01   4.9825653e+02
   7.7000000e+01   4.9162360e+02
   7.8000000e+01   4.8477044e+02
   7.9000000e+01   4.7816459e+02
   8.0000000e+01   4.7246764e+02
   8.1000000e+01   4.6806059e+02
   8.2000000e+01   4.6538042e+02
   8.3000000e+01   4.6472553e+02
   8.4000000e+01   4.6624448e+02
   8.5000000e+01   4.6988801e+02
   8.6000000e+01   4.7561066e+02
   8.7000000e+01   4.8301828e+02
   8.8000000e+01   4.9171464e+02
   8.9000000e+01   5.0111005e+02
   9.0000000e+01   5.1056493e+02
   9.1000000e+01   5.1928323e+02
   9.2000000e+01   5.2665646e+02
   9.3000000e+01   5.3193124e+02
   9.4000000e+01   5.3463495e+02
   9.5000000e+01   5.3442138e+02
   9.6000000e+01   5.3122686e+02
   9.7000000e+01   5.2507758e+02
   9.8000000e+01   5.1659291e+02
   9.9000000e+01   5.0616732e+02
   1.0000000e+02   4.9473153e+02
   1.0100000e+02   4.8317235e+02
   1.0200000e+02   4.7232395e+02
   1.0300000e+02   4.6310652e+02
   1.0400000e+02   4.5629491e+02
   1.0500000e+02   4.5237426e+02
   1.0600000e+02   4.5177977e+02
   1.0700000e+02   4.5461582e+02
   1.0800000e+02   4.6067930e+02
   1.0900000e+02   4.6961752e+02
   1.1000000e+02   4.8067020e+02
   1.1100000e+02   4.9297653e+02
   1.1200000e+02   5.0538328e+02
   1.1300000e+02   5.1685040e+02
   1.1400000e+02   5.2617072e+02
   1.1500000e+02   5.3256668e+02
   1.1600000e+02   5.3535201e+02
   1.1700000e+02   5.3436376e+02
   1.1800000e+02   5.2975097e+02
   1.1900000e+02   5.2204466e+02
   1.2000000e+02   5.1208730e+02
   1.2100000e+02   5.0083323e+02
   1.2200000e+02   4.8935025e+02
   1.2300000e+02   4.7861569e+02
   1.2400000e+02   4.6947549e+02
   1.2500000e+02   4.6260609e+02
   1.2600000e+02   4.5845523e+02
   1.2700000e+02   4.5719852e+02
   1.2800000e+02   4.5888231e+02
   1.2900000e+02   4.6327768e+02
   1.3000000e+02   4.6994962e+02
   1.3100000e+02   4.7842128e+02
   1.3200000e+02   4.8797088e+02
   1.3300000e+02   4.9788309e+02
   1.3400000e+02   5.0739477e+02
   1.3500000e+02   5.1584814e+02
   1.3600000e+02   5.2249808e+02
   1.3700000e+02   5.2703160e+02
   1.3800000e+02   5.2905314e+02
   1.3900000e+02   5.2849713e+02
   1.4000000e+02   5.2553563e+02
   1.4100000e+02   5.2040710e+02
   1.4200000e+02   5.1357956e+02
   1.4300000e+02   5.0565016e+02
   1.4400000e+02   4.9712004e+02
   1.4500000e+02   4.8865956e+02
   1.4600000e+02   4.8077690e+02
   1.4700000e+02   4.7394969e+02
   1.4800000e+02   4.6851568e+02
   1.4900000e+02   4.6478702e+02
   1.5000000e+02   4.6285449e+02
   1.5100000e+02   4.6277442e+02
   1.5200000e+02   4.6450729e+02
   1.5300000e+02   4.6789912e+02
   1.5400000e+02   4.7269372e+02
   1.5500000e+02   4.7871981e+02
   1.5600000e+02   4.8553474e+02
   1.5700000e+02   4.9283752e+02
   1.5800000e+02   5.0025924e+02
   1.5900000e+02   5.0734732e+02
   1.6000000e+02   5.1370648e+02
   1.6100000e+02   5.1901184e+02
   1.6200000e+02   5.2285860e+02
   1.6300000e+02   5.2497752e+02
   1.6400000e+02   5.2524922e+02
   1.6500000e+02   5.2351799e+02
   1.6600000e+02   5.1982618e+02
   1.6700000e+02   5.1447034e+02
   1.6800000e+02   5.0758363e+02
   1.6900000e+02   4.9970270e+02
   1.7000000e+02   4.9131333e+02
   1.7100000e+02   4.8294700e+02
   1.7200000e+02   4.7516808e+02
   1.7300000e+02   4.6864227e+02
   1.7400000e+02   4.6369754e+02
   1.7500000e+02   4.6088142e+02
   1.7600000e+02   4.6042495e+02
   1.7700000e+02   4.6243389e+02
   1.7800000e+02   4.6688007e+02
   1.7900000e+02   4.7364347e+02
   1.8000000e+02   4.8215837e+02
   1.8100000e+02   4.9196270e+02
   1.8200000e+02   5.0240211e+02
   1.8300000e+02   5.1241085e+02
   1.8400000e+02   5.2139400e+02
   1.8500000e+02   5.2837839e+02
   1.8600000e+02   5.3262813e+02
   1.8700000e+02   5.3373383e+02
   1.8800000e+02   5.3151632e+02
   1.8900000e+02   5.2584474e+02
   1.9000000e+02   5.1743636e+02
   1.9100000e+02   5.0675134e+02
   1.9200000e+02   4.9474196e+02
   1.9300000e+02   4.8244641e+02
   1.9400000e+02   4.7087992e+02
   1.9500000e+02   4.6089609e+02
   1.9600000e+02   4.5346263e+02
   1.9700000e+02   4.4906998e+02
   1.9800000e+02   4.4807416e+02
   1.9900000e+02   4.5072372e+02
   2.0000000e+02   4.5679694e+02
   2.0100000e+02   4.6588788e+02
   2.0200000e+02   4.7753472e+02
   2.0300000e+02   4.9076728e+02
   2.0400000e+02   5.0468969e+02
   2.0500000e+02   5.1824646e+02
   2.0600000e+02   5.3038349e+02
   2.0700000e+02   5.3997102e+02
   2.0800000e+02   5.4647323e+02
   2.0900000e+02   5.4909937e+02
   2.1000000e+02   5.4773199e+02
   2.1100000e+02   5.4251343e+02
   2.1200000e+02   5.3387538e+02
   2.1300000e+02   5.2240462e+02
   2.1400000e+02   5.0930400e+02
   2.1500000e+02   4.9534153e+02
   2.1600000e+02   4.8171742e+02
   2.1700000e+02   4.6948680e+02
   2.1800000e+02   4.5942433e+02
   2.1900000e+02   4.5226660e+02
   2.2000000e+02   4.4860674e+02
   2.2100000e+02   4.4855604e+02
   2.2200000e+02   4.5216062e+02
   2.2300000e+02   4.5926173e+02
   2.2400000e+02   4.6915472e+02
   2.2500000e+02   4.8114248e+02
   2.2600000e+02   4.9429501e+02
   2.2700000e+02   5.0727283e+02
   2.2800000e+02   5.1896090e+02
   2.2900000e+02   5.2836417e+02
   2.3000000e+02   5.3424832e+02
   2.3100000e+02   5.3632806e+02
   2.3200000e+02   5.3437333e+02
   2.3300000e+02   5.2853828e+02
   2.3400000e+02   5.1964971e+02
   2.3500000e+02   5.0870769e+02
   2.3600000e+02   4.9661244e+02
   2.3700000e+02   4.8478951e+02
   2.3800000e+02   4.7413369e+02
   2.3900000e+02   4.6547178e+02
   2.4000000e+02   4.5946620e+02
   2.4100000e+02   4.5649870e+02
   2.4200000e+02   4.5644705e+02
   2.4300000e+02   4.5939563e+02
   2.4400000e+02   4.6482082e+02
   2.4500000e+02   4.7219937e+02
   2.4600000e+02   4.8097308e+02
   2.4700000e+02   4.9038755e+02
   2.4800000e+02   4.9964426e+02
   2.4900000e+02   5.0823350e+02
   2.5000000e+02   5.1547471e+02
   2.5100000e+02   5.2091485e+02
   2.5200000e+02   5.2437172e+02
   2.5300000e+02   5.2574684e+02
   2.5400000e+02   5.2495696e+02
   2.5500000e+02   5.2245780e+02
   2.5600000e+02   5.1838325e+02
   2.5700000e+02   5.1313557e+02
   2.5800000e+02   5.0721980e+02
   2.5900000e+02   5.0099100e+02
   2.6000000e+02   4.9467708e+02
   2.6100000e+02   4.8887401e+02
   2.6200000e+02   4.8355714e+02
   2.6300000e+02   4.7902868e+02
   2.6400000e+02   4.7546648e+02
   2.6500000e+02   4.7286490e+02
   2.6600000e+02   4.7127536e+02
   2.6700000e+02   4.7083641e+02
   2.6800000e+02   4.7143035e+02
   2.6900000e+02   4.7302621e+02
   2.7000000e+02   4.7575441e+02
   2.7100000e+02   4.7932619e+02
   2.7200000e+02   4.8372940e+02
   2.7300000e+02   4.8882973e+02
   2.7400000e+02   4.9430216e+02
   2.7500000e+02   4.9983941e+02
   2.7600000e+02   5.0526579e+02
   2.7700000e+02   5.0993782e+02
   2.7800000e+02   5.1365937e+02
   2.7900000e+02   5.1607123e+02
   2.8000000e+02   5.1677427e+02
   2.8100000e+02   5.1570111e+02
   2.8200000e+02   5.1287995e+02
   2.8300000e+02   5.0829985e+02
   2.8400000e+02   5.0234385e+02
   2.8500000e+02   4.9551634e+02
   2.8600000e+02   4.8813642e+02
   2.8700000e+02   4.8097173e+02
   2.8800000e+02   4.7459497e+02
   2.8900000e+02   4.6939735e+02
   2.9000000e+02   4.6603360e+02
   2.9100000e+02   4.6474851e+02
   2.9200000e+02   4.6569591e+02
   2.9300000e+02   4.6897759e+02
   2.9400000e+02   4.7442217e+02
   2.9500000e+02   4.8161026e+02
   2.9600000e+02   4.9018972e+02
   2.9700000e+02   4.9942463e+02
   2.9800000e+02   5.0860491e+02
   2.9900000e+02   5.1697962e+02
   3.0000000e+02   5.2383216e+02
   3.0100000e+02   5.2839537e+02
   3.0200000e+02   5.3033063e+02
   3.0300000e+02   5.2932514e+02
   3.0400000e+02   5.2531080e+02
   3.0500000e+02   5.1870836e+02
   3.0600000e+02   5.0995740e+02
   3.0700000e+02   4.9974469e+02
   3.0800000e+02   4.8905456e+02
   3.0900000e+02   4.7866003e+02
   3.1000000e+02   4.6946430e+02
   3.1100000e+02   4.6223208e+02
   3.1200000e+02   4.5756414e+02
   3.1300000e+02   4.5574861e+02
   3.1400000e+02   4.5705741e+02
   3.1500000e+02   4.6130073e+02
   3.1600000e+02   4.6814512e+02
   3.1700000e+02   4.7707953e+02
   3.1800000e+02   4.8733300e+02
   3.1900000e+02   4.9798353e+02
   3.2000000e+02   5.0824515e+02
   3.2100000e+02   5.1711487e+02
   3.2200000e+02   5.2386929e+02
   3.2300000e+02   5.2802537e+02
   3.2400000e+02   5.2919733e+02
   3.2500000e+02   5.2740017e+02
   3.2600000e+02   5.2293894e+02
   3.2700000e+02   5.1623714e+02
   3.2800000e+02   5.0797693e+02
   3.2900000e+02   4.9897864e+02
   3.3000000e+02   4.8995516e+02
   3.3100000e+02   4.8164771e+02
   3.3200000e+02   4.7481663e+02
   3.3300000e+02   4.6977934e+02
   3.3400000e+02   4.6703319e+02
   3.3500000e+02   4.6665205e+02
   3.3600000e+02   4.6860379e+02
   3.3700000e+02   4.7268667e+02
   3.3800000e+02   4.7853756e+02
   3.3900000e+02   4.8553762e+02
   3.4000000e+02   4.9314009e+02
   3.4100000e+02   5.0055750e+02
   3.4200000e+02   5.0712701e+02
   3.4300000e+02   5.1219250e+02
   3.4400000e+02   5.1526587e+02
   3.4500000e+02   5.1608713e+02
   3.4600000e+02   5.1452735e+02
   3.4700000e+02   5.1091027e+02
   3.4800000e+02   5.0551653e+02
   3.4900000e+02   4.9907955e+02
   3.5000000e+02   4.9217993e+02
   3.5100000e+02   4.8561451e+02
   3.5200000e+02   4.7992289e+02
   3.5300000e+02   4.7573396e+02
   3.5400000e+02   4.7326567e+02
   3.5500000e+02   4.7271816e+02
   3.5600000e+02   4.7398754e+02
   3.5700000e+02   4.7685448e+02
   3.5800000e+02   4.8085985e+02
   3.5900000e+02   4.8559302e+02
   3.6000000e+02   4.9045103e+02
   3.6100000e+02   4.9495599e+02
   3.6200000e+02   4.9869671e+02
   3.6300000e+02   5.0135088e+02
   3.6400000e+02   5.0275194e+02
   3.6500000e+02   5.0296616e+02
   3.6600000e+02   5.0207357e+02
   3.6700000e+02   5.0041773e+02
   3.6800000e+02   4.9825751e+02
   3.6900000e+02   4.9608147e+02
   3.7000000e+02   4.9407996e+02
   3.7100000e+02   4.9270570e+02
   3.7200000e+02   4.9200447e+02
   3.7300000e+02   4.9214848e+02
   3.7400000e+02   4.9304220e+02
   3.7500000e+02   4.9456553e+02
   3.7600000e+02   4.9640487e+02
   3.7700000e+02   4.9834036e+02
   3.7800000e+02   4.9993439e+02
   3.7900000e+02   5.0093865e+02
   3.8000000e+02   5.0106892e+02
   3.8100000e+02   5.0020222e+02
   3.8200000e+02   4.9827740e+02
   3.8300000e+02   4.9548255e+02
   3.8400000e+02   4.9201037e+02
   3.8500000e+02   4.8821303e+02
   3.8600000e+02   4.8455817e+02
   3.8700000e+02   4.8140220e+02
   3.8800000e+02   4.7914325e+02
   3.8900000e+02   4.7811772e+02
   3.9000000e+02   4.7842331e+02
   3.9100000e+02   4.8010283e+02
   3.9200000e+02   4.8306885e+02
   3.9300000e+02   4.8693011e+02
   3.9400000e+02   4.9135499e+02
   3.9500000e+02   4.9583744e+02
   3.9600000e+02   4.9988187e+02
   3.9700000e+02   5.0295339e+02
   3.9800000e+02   5.0486315e+02
   3.9900000e+02   5.0517689e+02
   4.0000000e+02   5.0403463e+02
   4.0100000e+02   5.0150946e+02
   4.0200000e+02   4.9790926e+02
   4.0300000e+02   4.9362261e+02
   4.0400000e+02   4.8927211e+02
   4.0500000e+02   4.8513594e+02
   4.0600000e+02   4.8183963e+02
   4.0700000e+02   4.7966221e+02
   4.0800000e+02   4.7881091e+02
   4.0900000e+02   4.7939166e+02
   4.1000000e+02   4.8140821e+02
   4.1100000e+02   4.8455290e+02
   4.1200000e+02   4.8860935e+02
   4.1300000e+02   4.9321510e+02
   4.1400000e+02   4.9780693e+02
   4.1500000e+02   5.0205417e+02
   4.1600000e+02   5.0559551e+02
   4.1700000e+02   5.0790201e+02
   4.1800000e+02   5.0903157e+02
   4.1900000e+02   5.0873680e+02
   4.2000000e+02   5.0711010e+02
   4.2100000e+02   5.0436821e+02
   4.2200000e+02   5.0085527e+02
   4.2300000e+02   4.9677198e+02
   4.2400000e+02   4.9273811e+02
   4.2500000e+02   4.8898146e+02
   4.2600000e+02   4.8588530e+02
   4.2700000e+02   4.8372717e+02
   4.2800000e+02   4.8266383e+02
   4.2900000e+02   4.8262830e+02
   4.3000000e+02   4.8366508e+02
   4.3100000e+02   4.8550911e+02
   4.3200000e+02   4.8778241e+02
   4.3300000e+02   4.9035205e+02
   4.3400000e+02   4.9267286e+02
   4.3500000e+02   4.9448674e+02
   4.3600000e+02   4.9559896e+02
   4.3700000e+02   4.9583606e+02
   4.3800000e+02   4.9508489e+02
   4.3900000e+02   4.9366845e+02
   4.4000000e+02   4.9161006e+02
   4.4100000e+02   4.8926847e+02
   4.4200000e+02   4.8706370e+02
   4.4300000e+02   4.8523563e+02
   4.4400000e+02   4.8405471e+02
   4.4500000e+02   4.8391441e+02
   4.4600000e+02   4.8473748e+02
   4.4700000e+02   4.8659097e+02
   4.4800000e+02   4.8949276e+02
   4.4900000e+02   4.9301933e+02
   4.5000000e+02   4.9696721e+02
   4.5100000e+02   5.0103089e+02
   4.5200000e+02   5.0461255e+02
   4.5300000e+02   5.0745793e+02
   4.5400000e+02   5.0920992e+02
   4.5500000e+02   5.0951905e+02
   4.5600000e+02   5.0828530e+02
   4.5700000e+02   5.0563949e+02
   4.5800000e+02   5.0154488e+02
   4.5900000e+02   4.9646189e+02
   4.6000000e+02   4.9084109e+02
   4.6100000e+02   4.8507869e+02
   4.6200000e+02   4.7981700e+02
   4.6300000e+02   4.7564624e+02
   4.6400000e+02   4.7284108e+02
   4.6500000e+02   4.7192573e+02
   4.6600000e+02   4.7305767e+02
   4.6700000e+02   4.7612907e+02
   4.6800000e+02   4.8108575e+02
   4.6900000e+02   4.8752342e+02
   4.7000000e+02   4.9475463e+02
   4.7100000e+02   5.0222868e+02
   4.7200000e+02   5.0915131e+02
   4.7300000e+02   5.1465656e+02
   4.7400000e+02   5.1820611e+02
   4.7500000e+02   5.1937038e+02
   4.7600000e+02   5.1770803e+02
   4.7700000e+02   5.1357754e+02
   4.7800000e+02   5.0718967e+02
   4.7900000e+02   4.9910075e+02
   4.8000000e+02   4.9024719e+02
   4.8100000e+02   4.8141354e+02
   4.8200000e+02   4.7337458e+02
   4.8300000e+02   4.6708681e+02
   4.8400000e+02   4.6304384e+02
   4.8500000e+02   4.6159245e+02
   4.8600000e+02   4.6310420e+02
   4.8700000e+02   4.6736431e+02
   4.8800000e+02   4.7405238e+02
   4.8900000e+02   4.8277931e+02
   4.9000000e+02   4.9269686e+02
   4.9100000e+02   5.0291358e+02
   4.9200000e+02   5.1270317e+02
   4.9300000e+02   5.2096328e+02
   4.9400000e+02   5.2694312e+02
   4.9500000e+02   5.3025826e+02
   4.9600000e+02   5.3032522e+02
   4.9700000e+02   5.2733644e+02
   4.9800000e+02   5.2157213e+02
   4.9900000e+02   5.1357019e+02
   5.0000000e+02   5.0405912e+02
   5.0100000e+02   4.9408228e+02
   5.0200000e+02   4.8433407e+02
   5.0300000e+02   4.7573291e+02
   5.0400000e+02   4.6900630e+02
   5.0500000e+02   4.6452734e+02
   5.0600000e+02   4.6262532e+02
   5.0700000e+02   4.6340798e+02
   5.0800000e+02   4.6659755e+02
   5.0900000e+02   4.7182177e+02
   5.1000000e+02   4.7867402e+02
   5.1100000e+02   4.8624725e+02
   5.1200000e+02   4.9401291e+02
   5.1300000e+02   5.0117921e+02
   5.1400000e+02   5.0711158e+02
   5.1500000e+02   5.1129889e+02
   5.1600000e+02   5.1364184e+02
   5.1700000e+02   5.1381469e+02
   5.1800000e+02   5.1218359e+02
   5.1900000e+02   5.0904774e+02
   5.2000000e+02   5.0471919e+02
   5.2100000e+02   4.9984697e+02
   5.2200000e+02   4.9491782e+02
   5.2300000e+02   4.9022095e+02
   5.2400000e+02   4.8627228e+02
   5.2500000e+02   4.8322302e+02
   5.2600000e+02   4.8111476e+02
   5.2700000e+02   4.8004370e+02
   5.2800000e+02   4.7991017e+02
   5.2900000e+02   4.8046306e+02
   5.3000000e+02   4.8168588e+02
   5.3100000e+02   4.8329614e+02
   5.3200000e+02   4.8516042e+02
   5.3300000e+02   4.8718039e+02
   5.3400000e+02   4.8934915e+02
   5.3500000e+02   4.9143441e+02
   5.3600000e+02   4.9371049e+02
   5.3700000e+02   4.9599672e+02
   5.3800000e+02   4.9833679e+02
   5.3900000e+02   5.0079497e+02
   5.4000000e+02   5.0325746e+02
   5.4100000e+02   5.0555833e+02
   5.4200000e+02   5.0770608e+02
   5.4300000e+02   5.0932885e+02
   5.4400000e+02   5.1026702e+02
   5.4500000e+02   5.1033302e+02
   5.4600000e+02   5.0927559e+02
   5.4700000e+02   5.0693477e+02
   5.4800000e+02   5.0341342e+02
   5.4900000e+02   4.9867766e+02
   5.5000000e+02   4.9298654e+02
   5.5100000e+02   4.8678047e+02
   5.5200000e+02   4.8039202e+02
   5.5300000e+02   4.7440603e+02
   5.5400000e+02   4.6938595e+02
   5.5500000e+02   4.6576624e+02
   5.5600000e+02   4.6397452e+02
   5.5700000e+02   4.6436558e+02
   5.5800000e+02   4.6694807e+02
   5.5900000e+02   4.7176360e+02
   5.6000000e+02   4.7847802e+02
   5.6100000e+02   4.8674034e+02
   5.6200000e+02   4.9582090e+02
   5.6300000e+02   5.0517149e+02
   5.6400000e+02   5.1382367e+02
   5.6500000e+02   5.2114630e+02
   5.6600000e+02   5.2637377e+02
   5.6700000e+02   5.2902199e+02
   5.6800000e+02   5.2872481e+02
   5.6900000e+02   5.2555325e+02
   5.7000000e+02   5.1959303e+02
   5.7100000e+02   5.1143266e+02
   5.7200000e+02   5.0169705e+02
   5.7300000e+02   4.9119497e+02
   5.7400000e+02   4.8080521e+02
   5.7500000e+02   4.7141552e+02
   5.7600000e+02   4.6375254e+02
   5.7700000e+02   4.5848697e+02
   5.7800000e+02   4.5610519e+02
   5.7900000e+02   4.5684379e+02
   5.8000000e+02   4.6071317e+02
   5.8100000e+02   4.6763403e+02
   5.8200000e+02   4.7699599e+02
   5.8300000e+02   4.8833207e+02
   5.8400000e+02   5.0062058e+02
   5.8500000e+02   5.1295996e+02
   5.8600000e+02   5.2418352e+02
   5.8700000e+02   5.3334274e+02
   5.8800000e+02   5.3937113e+02
   5.8900000e+02   5.4176693e+02
   5.9000000e+02   5.4006634e+02
   5.9100000e+02   5.3441690e+02
   5.9200000e+02   5.2526475e+02
   5.9300000e+02   5.1339561e+02
   5.9400000e+02   4.9989942e+02
   5.9500000e+02   4.8595715e+02
   5.9600000e+02   4.7282754e+02
   5.9700000e+02   4.6154988e+02
   5.9800000e+02   4.5316466e+02
   5.9900000e+02   4.4820801e+02
   6.0000000e+02   4.4719950e+02
   6.0100000e+02   4.5005047e+02
   6.0200000e+02   4.5665241e+02
   6.0300000e+02   4.6635487e+02
   6.0400000e+02   4.7836778e+02
   6.0500000e+02   4.9164565e+02
   6.0600000e+02   5.0503155e+02
   6.0700000e+02   5.1724612e+02
   6.0800000e+02   5.2731100e+02
   6.0900000e+02   5.3422837e+02
   6.1000000e+02   5.3746891e+02
   6.1100000e+02   5.3691073e+02
   6.1200000e+02   5.3267836e+02
   6.1300000e+02   5.2537776e+02
   6.1400000e+02   5.1585523e+02
   6.1500000e+02   5.0502235e+02
   6.1600000e+02   4.9396567e+02
   6.1700000e+02   4.8360775e+02
   6.1800000e+02   4.7479162e+02
   6.1900000e+02   4.6806214e+02
   6.2000000e+02   4.6394669e+02
   6.2100000e+02   4.6243684e+02
   6.2200000e+02   4.6358988e+02
   6.2300000e+02   4.6707782e+02
   6.2400000e+02   4.7247981e+02
   6.2500000e+02   4.7918236e+02
   6.2600000e+02   4.8662796e+02
   6.2700000e+02   4.9403373e+02
   6.2800000e+02   5.0086417e+02
   6.2900000e+02   5.0656910e+02
   6.3000000e+02   5.1074599e+02
   6.3100000e+02   5.1319678e+02
   6.3200000e+02   5.1395476e+02
   6.3300000e+02   5.1307058e+02
   6.3400000e+02   5.1085833e+02
   6.3500000e+02   5.0770717e+02
   6.3600000e+02   5.0390992e+02
   6.3700000e+02   4.9989196e+02
   6.3800000e+02   4.9598076e+02
   6.3900000e+02   4.9230140e+02
   6.4000000e+02   4.8909454e+02
   6.4100000e+02   4.8637508e+02
   6.4200000e+02   4.8410377e+02
   6.4300000e+02   4.8226092e+02
   6.4400000e+02   4.8082073e+02
   6.4500000e+02   4.7966338e+02
   6.4600000e+02   4.7884129e+02
   6.4700000e+02   4.7844527e+02
   6.4800000e+02   4.7840970e+02
   6.4900000e+02   4.7902778e+02
   6.5000000e+02   4.8033805e+02
   6.5100000e+02   4.8241107e+02
   6.5200000e+02   4.8539096e+02
   6.5300000e+02   4.8925287e+02
   6.5400000e+02   4.9377983e+02
   6.5500000e+02   4.9892179e+02
   6.5600000e+02   5.0427272e+02
   6.5700000e+02   5.0940020e+02
   6.5800000e+02   5.1396261e+02
   6.5900000e+02   5.1741638e+02
   6.6000000e+02   5.1930961e+02
   6.6100000e+02   5.1938846e+02
   6.6200000e+02   5.1747144e+02
   6.6300000e+02   5.1339582e+02
   6.6400000e+02   5.0760028e+02
   6.6500000e+02   5.0029370e+02
   6.6600000e+02   4.9202503e+02
   6.6700000e+02   4.8361602e+02
   6.6800000e+02   4.7559766e+02
   6.6900000e+02   4.6874073e+02
   6.7000000e+02   4.6372870e+02
   6.7100000e+02   4.6098384e+02
   6.7200000e+02   4.6078326e+02
   6.7300000e+02   4.6342334e+02
   6.7400000e+02   4.6858748e+02
   6.7500000e+02   4.7604041e+02
   6.7600000e+02   4.8525665e+02
   6.7700000e+02   4.9543430e+02
   6.7800000e+02   5.0564256e+02
   6.7900000e+02   5.1515728e+02
   6.8000000e+02   5.2279810e+02
   6.8100000e+02   5.2796757e+02
   6.8200000e+02   5.3016242e+02
   6.8300000e+02   5.2896067e+02
   6.8400000e+02   5.2459205e+02
   6.8500000e+02   5.1744189e+02
   6.8600000e+02   5.0811361e+02
   6.8700000e+02   4.9753181e+02
   6.8800000e+02   4.8670790e+02
   6.8900000e+02   4.7650464e+02
   6.9000000e+02   4.6783766e+02
   6.9100000e+02   4.6151712e+02
   6.9200000e+02   4.5789135e+02
   6.9300000e+02   4.5736181e+02
   6.9400000e+02   4.5999515e+02
   6.9500000e+02   4.6547786e+02
   6.9600000e+02   4.7344936e+02
   6.9700000e+02   4.8338317e+02
   6.9800000e+02   4.9421865e+02
   6.9900000e+02   5.0531804e+02
   7.0000000e+02   5.1560396e+02
   7.0100000e+02   5.2412383e+02
   7.0200000e+02   5.3022044e+02
   7.0300000e+02   5.3336564e+02
   7.0400000e+02   5.3311005e+02
   7.0500000e+02   5.2969645e+02
   7.0600000e+02   5.2341627e+02
   7.0700000e+02   5.1473015e+02
   7.0800000e+02   5.0465072e+02
   7.0900000e+02   4.9400492e+02
   7.1000000e+02   4.8359697e+02
   7.1100000e+02   4.7453178e+02
   7.1200000e+02   4.6738200e+02
   7.1300000e+02   4.6265750e+02
   7.1400000e+02   4.6083891e+02
   7.1500000e+02   4.6185698e+02
   7.1600000e+02   4.6553353e+02
   7.1700000e+02   4.7158657e+02
   7.1800000e+02   4.7928260e+02
   7.1900000e+02   4.8781844e+02
   7.2000000e+02   4.9649957e+02
   7.2100000e+02   5.0429282e+02
   7.2200000e+02   5.1046021e+02
   7.2300000e+02   5.1453139e+02
   7.2400000e+02   5.1609567e+02
   7.2500000e+02   5.1502888e+02
   7.2600000e+02   5.1186563e+02
   7.2700000e+02   5.0678518e+02
   7.2800000e+02   5.0064714e+02
   7.2900000e+02   4.9416222e+02
   7.3000000e+02   4.8802217e+02
   7.3100000e+02   4.8281520e+02
   7.3200000e+02   4.7918930e+02
   7.3300000e+02   4.7723414e+02
   7.3400000e+02   4.7713840e+02
   7.3500000e+02   4.7882363e+02
   7.3600000e+02   4.8191637e+02
   7.3700000e+02   4.8598580e+02
   7.3800000e+02   4.9065240e+02
   7.3900000e+02   4.9517145e+02
   7.4000000e+02   4.9911591e+02
   7.4100000e+02   5.0214227e+02
   7.4200000e+02   5.0378361e+02
   7.4300000e+02   5.0401135e+02
   7.4400000e+02   5.0300444e+02
   7.4500000e+02   5.0071378e+02
   7.4600000e+02   4.9778278e+02
   7.4700000e+02   4.9451112e+02
   7.4800000e+02   4.9137739e+02
   7.4900000e+02   4.8880277e+02
   7.5000000e+02   4.8727141e+02
   7.5100000e+02   4.8672022e+02
   7.5200000e+02   4.8748970e+02
   7.5300000e+02   4.8933795e+02
   7.5400000e+02   4.9196923e+02
   7.5500000e+02   4.9510016e+02
   7.5600000e+02   4.9824254e+02
   7.5700000e+02   5.0081771e+02
   7.5800000e+02   5.0249595e+02
   7.5900000e+02   5.0293850e+02
   7.6000000e+02   5.0179778e+02
   7.6100000e+02   4.9934328e+02
   7.6200000e+02   4.9558706e+02
   7.6300000e+02   4.9099283e+02
   7.6400000e+02   4.8604145e+02
   7.6500000e+02   4.8140375e+02
   7.6600000e+02   4.7742897e+02
   7.6700000e+02   4.7487796e+02
   7.6800000e+02   4.7392545e+02
   7.6900000e+02   4.7476305e+02
   7.7000000e+02   4.7749347e+02
   7.7100000e+02   4.8181273e+02
   7.7200000e+02   4.8729451e+02
   7.7300000e+02   4.9354005e+02
   7.7400000e+02   4.9978444e+02
   7.7500000e+02   5.0539700e+02
   7.7600000e+02   5.0985868e+02
   7.7700000e+02   5.1261889e+02
   7.7800000e+02   5.1335757e+02
   7.7900000e+02   5.1215349e+02
   7.8000000e+02   5.0896748e+02
   7.8100000e+02   5.0429021e+02
   7.8200000e+02   4.9859754e+02
   7.8300000e+02   4.9253088e+02
   7.8400000e+02   4.8660543e+02
   7.8500000e+02   4.8162330e+02
   7.8600000e+02   4.7783293e+02
   7.8700000e+02   4.7575720e+02
   7.8800000e+02   4.7550104e+02
   7.8900000e+02   4.7707198e+02
   7.9000000e+02   4.8024598e+02
   7.9100000e+02   4.8477868e+02
   7.9200000e+02   4.9008689e+02
   7.9300000e+02   4.9566367e+02
   7.9400000e+02   5.0094545e+02
   7.9500000e+02   5.0530776e+02
   7.9600000e+02   5.0829880e+02
   7.9700000e+02   5.0968088e+02
   7.9800000e+02   5.0919506e+02
   7.9900000e+02   5.0699379e+02
   8.0000000e+02   5.0337387e+02
   8.0100000e+02   4.9863676e+02
   8.0200000e+02   4.9343354e+02
   8.0300000e+02   4.8831718e+02
   8.0400000e+02   4.8376415e+02
   8.0500000e+02   4.8033872e+02
   8.0600000e+02   4.7833925e+02
   8.0700000e+02   4.7791563e+02
   8.0800000e+02   4.7912093e+02
   8.0900000e+02   4.8175362e+02
   8.1000000e+02   4.8547323e+02
   8.1100000e+02   4.8982128e+02
   8.1200000e+02   4.9436828e+02
   8.1300000e+02   4.9842334e+02
   8.1400000e+02   5.0168614e+02
   8.1500000e+02   5.0364694e+02
   8.1600000e+02   5.0415958e+02
   8.1700000e+02   5.0314709e+02
   8.1800000e+02   5.0078427e+02
   8.1900000e+02   4.9729185e+02
   8.2000000e+02   4.9320316e+02
   8.2100000e+02   4.8891031e+02
   8.2200000e+02   4.8499293e+02
   8.2300000e+02   4.8190119e+02
   8.2400000e+02   4.8004769e+02
   8.2500000e+02   4.7968469e+02
   8.2600000e+02   4.8092368e+02
   8.2700000e+02   4.8376308e+02
   8.2800000e+02   4.8792617e+02
   8.2900000e+02   4.9307313e+02
   8.3000000e+02   4.9871244e+02
   8.3100000e+02   5.0418762e+02
   8.3200000e+02   5.0895491e+02
   8.3300000e+02   5.1234455e+02
   8.3400000e+02   5.1395178e+02
   8.3500000e+02   5.1336254e+02
   8.3600000e+02   5.1063471e+02
   8.3700000e+02   5.0576972e+02
   8.3800000e+02   4.9930622e+02
   8.3900000e+02   4.9175500e+02
   8.4000000e+02   4.8388876e+02
   8.4100000e+02   4.7647518e+02
   8.4200000e+02   4.7033732e+02
   8.4300000e+02   4.6605324e+02
   8.4400000e+02   4.6421775e+02
   8.4500000e+02   4.6506612e+02
   8.4600000e+02   4.6864743e+02
   8.4700000e+02   4.7478610e+02
   8.4800000e+02   4.8295049e+02
   8.4900000e+02   4.9253854e+02
   8.5000000e+02   5.0254009e+02
   8.5100000e+02   5.1213171e+02
   8.5200000e+02   5.2021239e+02
   8.5300000e+02   5.2595578e+02
   8.5400000e+02   5.2873952e+02
   8.5500000e+02   5.2815892e+02
   8.5600000e+02   5.2421436e+02
   8.5700000e+02   5.1732951e+02
   8.5800000e+02   5.0811555e+02
   8.5900000e+02   4.9748509e+02
   8.6000000e+02   4.8653794e+02
   8.6100000e+02   4.7620853e+02
   8.6200000e+02   4.6756366e+02
   8.6300000e+02   4.6134344e+02
   8.6400000e+02   4.5809827e+02
   8.6500000e+02   4.5813030e+02
   8.6600000e+02   4.6150670e+02
   8.6700000e+02   4.6787514e+02
   8.6800000e+02   4.7675746e+02
   8.6900000e+02   4.8743955e+02
   8.7000000e+02   4.9880106e+02
   8.7100000e+02   5.0997596e+02
   8.7200000e+02   5.1979098e+02
   8.7300000e+02   5.2729322e+02
   8.7400000e+02   5.3180048e+02
   8.7500000e+02   5.3285691e+02
   8.7600000e+02   5.3033237e+02
   8.7700000e+02   5.2460685e+02
   8.7800000e+02   5.1626861e+02
   8.7900000e+02   5.0612636e+02
   8.8000000e+02   4.9525384e+02
   8.8100000e+02   4.8462920e+02
   8.8200000e+02   4.7516866e+02
   8.8300000e+02   4.6770742e+02
   8.8400000e+02   4.6276549e+02
   8.8500000e+02   4.6058193e+02
   8.8600000e+02   4.6127066e+02
   8.8700000e+02   4.6457531e+02
   8.8800000e+02   4.6998150e+02
   8.8900000e+02   4.7700982e+02
   8.9000000e+02   4.8479612e+02
   8.9100000e+02   4.9262349e+02
   8.9200000e+02   4.9976990e+02
   8.9300000e+02   5.0569481e+02
   8.9400000e+02   5.0982061e+02
   8.9500000e+02   5.1218210e+02
   8.9600000e+02   5.1263749e+02
   8.9700000e+02   5.1142529e+02
   8.9800000e+02   5.0901675e+02
   8.9900000e+02   5.0576009e+02
   9.0000000e+02   5.0208121e+02
   9.0100000e+02   4.9852826e+02
   9.0200000e+02   4.9529192e+02
   9.0300000e+02   4.9259142e+02
   9.0400000e+02   4.9065692e+02
   9.0500000e+02   4.8929214e+02
   9.0600000e+02   4.8844148e+02
   9.0700000e+02   4.8803948e+02
   9.0800000e+02   4.8775125e+02
   9.0900000e+02   4.8747457e+02
   9.1000000e+02   4.8711925e+02
   9.1100000e+02   4.8657981e+02
   9.1200000e+02   4.8583932e+02
   9.1300000e+02   4.8521456e+02
   9.1400000e+02   4.8460287e+02
   9.1500000e+02   4.8444573e+02
   9.1600000e+02   4.8490300e+02
   9.1700000e+02   4.8612156e+02
   9.1800000e+02   4.8824973e+02
   9.1900000e+02   4.9139694e+02
   9.2000000e+02   4.9527585e+02
   9.2100000e+02   4.9974989e+02
   9.2200000e+02   5.0450761e+02
   9.2300000e+02   5.0886508e+02
   9.2400000e+02   5.1249776e+02
   9.2500000e+02   5.1481825e+02
   9.2600000e+02   5.1530865e+02
   9.2700000e+02   5.1372478e+02
   9.2800000e+02   5.1010069e+02
   9.2900000e+02   5.0425460e+02
   9.3000000e+02   4.9692221e+02
   9.3100000e+02   4.8846637e+02
   9.3200000e+02   4.7963672e+02
   9.3300000e+02   4.7132690e+02
   9.3400000e+02   4.6428797e+02
   9.3500000e+02   4.5915207e+02
   9.3600000e+02   4.5663422e+02
   9.3700000e+02   4.5703553e+02
   9.3800000e+02   4.6045774e+02
   9.3900000e+02   4.6692534e+02
   9.4000000e+02   4.7603878e+02
   9.4100000e+02   4.8711857e+02
   9.4200000e+02   4.9952923e+02
   9.4300000e+02   5.1215466e+02
   9.4400000e+02   5.2391736e+02
   9.4500000e+02   5.3381439e+02
   9.4600000e+02   5.4087157e+02
   9.4700000e+02   5.4417323e+02
   9.4800000e+02   5.4360302e+02
   9.4900000e+02   5.3883524e+02
   9.5000000e+02   5.3033447e+02
   9.5100000e+02   5.1880235e+02
   9.5200000e+02   5.0525114e+02
   9.5300000e+02   4.9069140e+02
   9.5400000e+02   4.7660670e+02
   9.5500000e+02   4.6397060e+02
   9.5600000e+02   4.5383621e+02
   9.5700000e+02   4.4719061e+02
   9.5800000e+02   4.4444339e+02
   9.5900000e+02   4.4588522e+02
   9.6000000e+02   4.5165809e+02
   9.6100000e+02   4.6122145e+02
   9.6200000e+02   4.7399948e+02
   9.6300000e+02   4.8913101e+02
   9.6400000e+02   5.0520468e+02
   9.6500000e+02   5.2090712e+02
   9.6600000e+02   5.3483810e+02
   9.6700000e+02   5.4543550e+02
   9.6800000e+02   5.5167387e+02
   9.6900000e+02   5.5295714e+02
   9.7000000e+02   5.4884550e+02
   9.7100000e+02   5.3986833e+02
   9.7200000e+02   5.2695987e+02
   9.7300000e+02   5.1119836e+02
   9.7400000e+02   4.9426066e+02
   9.7500000e+02   4.7776689e+02
   9.7600000e+02   4.6292541e+02
   9.7700000e+02   4.5127118e+02
   9.7800000e+02   4.4352712e+02
   9.7900000e+02   4.4028904e+02
   9.8000000e+02   4.4172493e+02
   9.8100000e+02   4.4770485e+02
   9.8200000e+02   4.5750816e+02
   9.8300000e+02   4.7048217e+02
   9.8400000e+02   4.8536226e+02
   9.8500000e+02   5.0088576e+02
   9.8600000e+02   5.1566502e+02
   9.8700000e+02   5.2848834e+02
   9.8800000e+02   5.3807803e+02
   9.8900000e+02   5.4385666e+02
   9.9000000e+02   5.4539270e+02
   9.9100000e+02   5.4264147e+02
   9.9200000e+02   5.3624491e+02
   9.9300000e+02   5.2691644e+02
   9.9400000e+02   5.1558936e+02
   9.9500000e+02   5.0351430e+02
   9.9600000e+02   4.9164207e+02
   9.9700000e+02   4.8090995e+02
   9.9800000e+02   4.7210356e+02
   9.9900000e+02   4.6580858e+02
   1.0000000e+03   4.6205987e+02
