  -0.0000000e+00   6.3880623e+01
   1.0000000e+00   6.4202476e+01
   2.0000000e+00   6.4862205e+01
   3.0000000e+00   6.5866704e+01
   4.0000000e+00   6.7133072e+01
   5.0000000e+00   6.8516509e+01
   6.0000000e+00   6.9741446e+01
   7.0000000e+00   7.0614760e+01
   8.0000000e+00   7.1027865e+01
   9.0000000e+00   7.0984339e+01
   1.0000000e+01   7.0623020e+01
   1.1000000e+01   7.0098722e+01
   1.2000000e+01   6.9591844e+01
   1.3000000e+01   6.9159465e+01
   1.4000000e+01   6.8788531e+01
   1.5000000e+01   6.8396497e+01
   1.6000000e+01   6.7853109e+01
   1.7000000e+01   6.7047694e+01
   1.8000000e+01   6.5926934e+01
   1.9000000e+01   6.4521643e+01
   2.0000000e+01   6.2954962e+01
   2.1000000e+01   6.1378947e+01
   2.2000000e+01   6.0010470e+01
   2.3000000e+01   5.9012277e+01
   2.4000000e+01   5.8454436e+01
   2.5000000e+01   5.8328318e+01
   2.6000000e+01   5.8558921e+01
   2.7000000e+01   5.8932204e+01
   2.8000000e+01   5.9344322e+01
   2.9000000e+01   5.9669246e+01
   3.0000000e+01   5.9894657e+01
   3.1000000e+01   6.0074968e+01
   3.2000000e+01   6.0297407e+01
   3.3000000e+01   6.0664425e+01
   3.4000000e+01   6.1218847e+01
   3.5000000e+01   6.1973070e+01
   3.6000000e+01   6.2901160e+01
   3.7000000e+01   6.3929660e+01
   3.8000000e+01   6.4983595e+01
   3.9000000e+01   6.5995618e+01
   4.0000000e+01   6.6906192e+01
   4.1000000e+01   6.7676676e+01
   4.2000000e+01   6.8287806e+01
   4.3000000e+01   6.8748965e+01
   4.4000000e+01   6.9077325e+01
   4.5000000e+01   6.9281186e+01
   4.6000000e+01   6.9434222e+01
   4.7000000e+01   6.9536930e+01
   4.8000000e+01   6.9634770e+01
   4.9000000e+01   6.9751809e+01
   5.0000000e+01   6.9896145e+01
   5.1000000e+01   7.0014969e+01
   5.2000000e+01   7.0116152e+01
   5.3000000e+01   7.0096707e+01
   5.4000000e+01   6.9900092e+01
   5.5000000e+01   6.9472869e+01
   5.6000000e+01   6.8780455e+01
   5.7000000e+01   6.7847757e+01
   5.8000000e+01   6.6734289e+01
   5.9000000e+01   6.5563919e+01
   6.0000000e+01   6.4451219e+01
   6.1000000e+01   6.3489021e+01
   6.2000000e+01   6.2749533e+01
   6.3000000e+01   6.2211006e+01
   6.4000000e+01   6.1799698e+01
   6.5000000e+01   6.1406581e+01
   6.6000000e+01   6.0908856e+01
   6.7000000e+01   6.0222222e+01
   6.8000000e+01   5.9318254e+01
   6.9000000e+01   5.8275402e+01
   7.0000000e+01   5.7259092e+01
   7.1000000e+01   5.6472481e+01
   7.2000000e+01   5.6148060e+01
   7.3000000e+01   5.6490153e+01
   7.4000000e+01   5.7489751e+01
   7.5000000e+01   5.9084031e+01
   7.6000000e+01   6.0969616e+01
   7.7000000e+01   6.2788360e+01
   7.8000000e+01   6.4185505e+01
   7.9000000e+01   6.4960109e+01
   8.0000000e+01   6.5131571e+01
   8.1000000e+01   6.4917422e+01
   8.2000000e+01   6.4657207e+01
   8.3000000e+01   6.4697918e+01
   8.4000000e+01   6.5232067e+01
   8.5000000e+01   6.6269028e+01
   8.6000000e+01   6.7664277e+01
   8.7000000e+01   6.9091102e+01
   8.8000000e+01   7.0199578e+01
   8.9000000e+01   7.0658848e+01
   9.0000000e+01   7.0272116e+01
   9.1000000e+01   6.9014437e+01
   9.2000000e+01   6.7051914e+01
   9.3000000e+01   6.4795085e+01
   9.4000000e+01   6.2730298e+01
   9.5000000e+01   6.1381745e+01
   9.6000000e+01   6.1152043e+01
   9.7000000e+01   6.2186515e+01
   9.8000000e+01   6.4138542e+01
   9.9000000e+01   6.6420555e+01
   1.0000000e+02   6.8104605e+01
   1.0100000e+02   6.8440862e+01
   1.0200000e+02   6.7119955e+01
   1.0300000e+02   6.4461918e+01
   1.0400000e+02   6.1289965e+01
   1.0500000e+02   5.8504274e+01
   1.0600000e+02   5.6859751e+01
   1.0700000e+02   5.6607986e+01
   1.0800000e+02   5.7514783e+01
   1.0900000e+02   5.9033250e+01
   1.1000000e+02   6.0412840e+01
   1.1100000e+02   6.0999142e+01
   1.1200000e+02   6.0374585e+01
   1.1300000e+02   5.8520724e+01
   1.1400000e+02   5.5842830e+01
   1.1500000e+02   5.3049331e+01
   1.1600000e+02   5.1040995e+01
   1.1700000e+02   5.0611983e+01
   1.1800000e+02   5.2156892e+01
   1.1900000e+02   5.5537852e+01
   1.2000000e+02   5.9973715e+01
   1.2100000e+02   6.4325671e+01
   1.2200000e+02   6.7486586e+01
   1.2300000e+02   6.8852410e+01
   1.2400000e+02   6.8564481e+01
   1.2500000e+02   6.7308517e+01
   1.2600000e+02   6.5969695e+01
   1.2700000e+02   6.5249719e+01
   1.2800000e+02   6.5477828e+01
   1.2900000e+02   6.6561932e+01
   1.3000000e+02   6.8138658e+01
   1.3100000e+02   6.9713761e+01
   1.3200000e+02   7.0789515e+01
   1.3300000e+02   7.1012908e+01
   1.3400000e+02   7.0228487e+01
   1.3500000e+02   6.8511504e+01
   1.3600000e+02   6.6129215e+01
   1.3700000e+02   6.3505790e+01
   1.3800000e+02   6.1113745e+01
   1.3900000e+02   5.9367715e+01
   1.4000000e+02   5.8523300e+01
   1.4100000e+02   5.8634858e+01
   1.4200000e+02   5.9493337e+01
   1.4300000e+02   6.0702110e+01
   1.4400000e+02   6.1828501e+01
   1.4500000e+02   6.2480604e+01
   1.4600000e+02   6.2470190e+01
   1.4700000e+02   6.1855344e+01
   1.4800000e+02   6.0875151e+01
   1.4900000e+02   5.9856582e+01
   1.5000000e+02   5.9102613e+01
   1.5100000e+02   5.8829312e+01
   1.5200000e+02   5.9093703e+01
   1.5300000e+02   5.9849948e+01
   1.5400000e+02   6.0932368e+01
   1.5500000e+02   6.2149374e+01
   1.5600000e+02   6.3276083e+01
   1.5700000e+02   6.4133926e+01
   1.5800000e+02   6.4601539e+01
   1.5900000e+02   6.4631586e+01
   1.6000000e+02   6.4272662e+01
   1.6100000e+02   6.3654803e+01
   1.6200000e+02   6.2985510e+01
   1.6300000e+02   6.2507945e+01
   1.6400000e+02   6.2453990e+01
   1.6500000e+02   6.3004453e+01
   1.6600000e+02   6.4221283e+01
   1.6700000e+02   6.5951469e+01
   1.6800000e+02   6.7950260e+01
   1.6900000e+02   6.9763085e+01
   1.7000000e+02   7.0950705e+01
   1.7100000e+02   7.1210332e+01
   1.7200000e+02   7.0458525e+01
   1.7300000e+02   6.8926292e+01
   1.7400000e+02   6.7026840e+01
   1.7500000e+02   6.5292221e+01
   1.7600000e+02   6.4108422e+01
   1.7700000e+02   6.3675166e+01
   1.7800000e+02   6.3922090e+01
   1.7900000e+02   6.4580341e+01
   1.8000000e+02   6.5187024e+01
   1.8100000e+02   6.5304874e+01
   1.8200000e+02   6.4566628e+01
   1.8300000e+02   6.2808468e+01
   1.8400000e+02   6.0121439e+01
   1.8500000e+02   5.6905509e+01
   1.8600000e+02   5.3776453e+01
   1.8700000e+02   5.1448472e+01
   1.8800000e+02   5.0544596e+01
   1.8900000e+02   5.1481328e+01
   1.9000000e+02   5.4000643e+01
   1.9100000e+02   5.7476850e+01
   1.9200000e+02   6.0779680e+01
   1.9300000e+02   6.2797820e+01
   1.9400000e+02   6.2941457e+01
   1.9500000e+02   6.1395740e+01
   1.9600000e+02   5.9038495e+01
   1.9700000e+02   5.6972165e+01
   1.9800000e+02   5.6088156e+01
   1.9900000e+02   5.6820337e+01
   2.0000000e+02   5.8990807e+01
   2.0100000e+02   6.2020126e+01
   2.0200000e+02   6.5162689e+01
   2.0300000e+02   6.7597579e+01
   2.0400000e+02   6.8743039e+01
   2.0500000e+02   6.8321787e+01
   2.0600000e+02   6.6428382e+01
   2.0700000e+02   6.3575150e+01
   2.0800000e+02   6.0477668e+01
   2.0900000e+02   5.8094663e+01
   2.1000000e+02   5.7225131e+01
   2.1100000e+02   5.8352444e+01
   2.1200000e+02   6.1431261e+01
   2.1300000e+02   6.5814973e+01
   2.1400000e+02   7.0144229e+01
   2.1500000e+02   7.3111874e+01
   2.1600000e+02   7.3678644e+01
   2.1700000e+02   7.1731976e+01
   2.1800000e+02   6.8049887e+01
   2.1900000e+02   6.3907969e+01
   2.2000000e+02   6.0575081e+01
   2.2100000e+02   5.8750315e+01
   2.2200000e+02   5.8597821e+01
   2.2300000e+02   5.9734684e+01
   2.2400000e+02   6.1346655e+01
   2.2500000e+02   6.2598048e+01
   2.2600000e+02   6.2753034e+01
   2.2700000e+02   6.1393598e+01
   2.2800000e+02   5.8559565e+01
   2.2900000e+02   5.4736418e+01
   2.3000000e+02   5.0857364e+01
   2.3100000e+02   4.7895032e+01
   2.3200000e+02   4.6758858e+01
   2.3300000e+02   4.7943152e+01
   2.3400000e+02   5.1148760e+01
   2.3500000e+02   5.5449888e+01
   2.3600000e+02   5.9623091e+01
   2.3700000e+02   6.2455691e+01
   2.3800000e+02   6.3514203e+01
   2.3900000e+02   6.3117118e+01
   2.4000000e+02   6.2097050e+01
   2.4100000e+02   6.1366314e+01
   2.4200000e+02   6.1453575e+01
   2.4300000e+02   6.2577411e+01
   2.4400000e+02   6.4470973e+01
   2.4500000e+02   6.6696176e+01
   2.4600000e+02   6.8783380e+01
   2.4700000e+02   7.0313953e+01
   2.4800000e+02   7.1049098e+01
   2.4900000e+02   7.0948062e+01
   2.5000000e+02   7.0148816e+01
   2.5100000e+02   6.8930928e+01
   2.5200000e+02   6.7597190e+01
   2.5300000e+02   6.6455837e+01
   2.5400000e+02   6.5758833e+01
   2.5500000e+02   6.5528249e+01
   2.5600000e+02   6.5763380e+01
   2.5700000e+02   6.6291758e+01
   2.5800000e+02   6.6863695e+01
   2.5900000e+02   6.7275913e+01
   2.6000000e+02   6.7386471e+01
   2.6100000e+02   6.7086551e+01
   2.6200000e+02   6.6431837e+01
   2.6300000e+02   6.5500417e+01
   2.6400000e+02   6.4431663e+01
   2.6500000e+02   6.3357058e+01
   2.6600000e+02   6.2393604e+01
   2.6700000e+02   6.1642492e+01
   2.6800000e+02   6.1132386e+01
   2.6900000e+02   6.0870305e+01
   2.7000000e+02   6.0840734e+01
   2.7100000e+02   6.0954250e+01
   2.7200000e+02   6.1130046e+01
   2.7300000e+02   6.1262638e+01
   2.7400000e+02   6.1257406e+01
   2.7500000e+02   6.1051301e+01
   2.7600000e+02   6.0619472e+01
   2.7700000e+02   6.0052151e+01
   2.7800000e+02   5.9461389e+01
   2.7900000e+02   5.9030120e+01
   2.8000000e+02   5.9014648e+01
   2.8100000e+02   5.9554626e+01
   2.8200000e+02   6.0713585e+01
   2.8300000e+02   6.2443197e+01
   2.8400000e+02   6.4455875e+01
   2.8500000e+02   6.6359982e+01
   2.8600000e+02   6.7794748e+01
   2.8700000e+02   6.8475405e+01
   2.8800000e+02   6.8389052e+01
   2.8900000e+02   6.7742975e+01
   2.9000000e+02   6.6945100e+01
   2.9100000e+02   6.6381993e+01
   2.9200000e+02   6.6298751e+01
   2.9300000e+02   6.6780248e+01
   2.9400000e+02   6.7649409e+01
   2.9500000e+02   6.8574651e+01
   2.9600000e+02   6.9191018e+01
   2.9700000e+02   6.9143897e+01
   2.9800000e+02   6.8244724e+01
   2.9900000e+02   6.6484667e+01
   3.0000000e+02   6.4100620e+01
   3.0100000e+02   6.1540111e+01
   3.0200000e+02   5.9311241e+01
   3.0300000e+02   5.7937550e+01
   3.0400000e+02   5.7790725e+01
   3.0500000e+02   5.8817389e+01
   3.0600000e+02   6.0668364e+01
   3.0700000e+02   6.2645632e+01
   3.0800000e+02   6.3942387e+01
   3.0900000e+02   6.4042530e+01
   3.1000000e+02   6.2897276e+01
   3.1100000e+02   6.0970494e+01
   3.1200000e+02   5.9006986e+01
   3.1300000e+02   5.7665685e+01
   3.1400000e+02   5.7391152e+01
   3.1500000e+02   5.8145032e+01
   3.1600000e+02   5.9608330e+01
   3.1700000e+02   6.1270163e+01
   3.1800000e+02   6.2590229e+01
   3.1900000e+02   6.3182579e+01
   3.2000000e+02   6.2893251e+01
   3.2100000e+02   6.1883511e+01
   3.2200000e+02   6.0537107e+01
   3.2300000e+02   5.9361020e+01
   3.2400000e+02   5.8933379e+01
   3.2500000e+02   5.9602392e+01
   3.2600000e+02   6.1420969e+01
   3.2700000e+02   6.4136383e+01
   3.2800000e+02   6.7144917e+01
   3.2900000e+02   6.9738181e+01
   3.3000000e+02   7.1369360e+01
   3.3100000e+02   7.1807895e+01
   3.3200000e+02   7.1240849e+01
   3.3300000e+02   7.0093995e+01
   3.3400000e+02   6.8915026e+01
   3.3500000e+02   6.8075768e+01
   3.3600000e+02   6.7721914e+01
   3.3700000e+02   6.7766508e+01
   3.3800000e+02   6.7952129e+01
   3.3900000e+02   6.7936929e+01
   3.4000000e+02   6.7450437e+01
   3.4100000e+02   6.6343093e+01
   3.4200000e+02   6.4656731e+01
   3.4300000e+02   6.2606338e+01
   3.4400000e+02   6.0546348e+01
   3.4500000e+02   5.8862313e+01
   3.4600000e+02   5.7863654e+01
   3.4700000e+02   5.7641080e+01
   3.4800000e+02   5.8113643e+01
   3.4900000e+02   5.8934044e+01
   3.5000000e+02   5.9757053e+01
   3.5100000e+02   6.0280717e+01
   3.5200000e+02   6.0440246e+01
   3.5300000e+02   6.0354701e+01
   3.5400000e+02   6.0250717e+01
   3.5500000e+02   6.0355480e+01
   3.5600000e+02   6.0767350e+01
   3.5700000e+02   6.1463025e+01
   3.5800000e+02   6.2323147e+01
   3.5900000e+02   6.3204526e+01
   3.6000000e+02   6.3993845e+01
   3.6100000e+02   6.4650470e+01
   3.6200000e+02   6.5209216e+01
   3.6300000e+02   6.5748033e+01
   3.6400000e+02   6.6351681e+01
   3.6500000e+02   6.7062310e+01
   3.6600000e+02   6.7877493e+01
   3.6700000e+02   6.8719326e+01
   3.6800000e+02   6.9508911e+01
   3.6900000e+02   7.0143776e+01
   3.7000000e+02   7.0592368e+01
   3.7100000e+02   7.0832803e+01
   3.7200000e+02   7.0897043e+01
   3.7300000e+02   7.0811049e+01
   3.7400000e+02   7.0593726e+01
   3.7500000e+02   7.0243256e+01
   3.7600000e+02   6.9758715e+01
   3.7700000e+02   6.9137412e+01
   3.7800000e+02   6.8415068e+01
   3.7900000e+02   6.7642627e+01
   3.8000000e+02   6.6899137e+01
   3.8100000e+02   6.6243181e+01
   3.8200000e+02   6.5711231e+01
   3.8300000e+02   6.5273199e+01
   3.8400000e+02   6.4865887e+01
   3.8500000e+02   6.4409378e+01
   3.8600000e+02   6.3839458e+01
   3.8700000e+02   6.3168189e+01
   3.8800000e+02   6.2458909e+01
   3.8900000e+02   6.1811066e+01
   3.9000000e+02   6.1306345e+01
   3.9100000e+02   6.0975389e+01
   3.9200000e+02   6.0776438e+01
   3.9300000e+02   6.0619359e+01
   3.9400000e+02   6.0410390e+01
   3.9500000e+02   6.0102102e+01
   3.9600000e+02   5.9712626e+01
   3.9700000e+02   5.9362050e+01
   3.9800000e+02   5.9183986e+01
   3.9900000e+02   5.9361828e+01
   4.0000000e+02   5.9955806e+01
   4.0100000e+02   6.0957599e+01
   4.0200000e+02   6.2226527e+01
   4.0300000e+02   6.3564363e+01
   4.0400000e+02   6.4753932e+01
   4.0500000e+02   6.5699187e+01
   4.0600000e+02   6.6382559e+01
   4.0700000e+02   6.6899969e+01
   4.0800000e+02   6.7377080e+01
   4.0900000e+02   6.7914443e+01
   4.1000000e+02   6.8537287e+01
   4.1100000e+02   6.9191627e+01
   4.1200000e+02   6.9776560e+01
   4.1300000e+02   7.0178395e+01
   4.1400000e+02   7.0317823e+01
   4.1500000e+02   7.0177436e+01
   4.1600000e+02   6.9800831e+01
   4.1700000e+02   6.9309842e+01
   4.1800000e+02   6.8799929e+01
   4.1900000e+02   6.8391734e+01
   4.2000000e+02   6.8125399e+01
   4.2100000e+02   6.7975277e+01
   4.2200000e+02   6.7846343e+01
   4.2300000e+02   6.7651566e+01
   4.2400000e+02   6.7272623e+01
   4.2500000e+02   6.6689308e+01
   4.2600000e+02   6.5929466e+01
   4.2700000e+02   6.5067891e+01
   4.2800000e+02   6.4197215e+01
   4.2900000e+02   6.3388078e+01
   4.3000000e+02   6.2670145e+01
   4.3100000e+02   6.2034010e+01
   4.3200000e+02   6.1458745e+01
   4.3300000e+02   6.0923810e+01
   4.3400000e+02   6.0445864e+01
   4.3500000e+02   6.0071423e+01
   4.3600000e+02   5.9860707e+01
   4.3700000e+02   5.9876732e+01
   4.3800000e+02   6.0159293e+01
   4.3900000e+02   6.0665260e+01
   4.4000000e+02   6.1348879e+01
   4.4100000e+02   6.2116982e+01
   4.4200000e+02   6.2885710e+01
   4.4300000e+02   6.3619078e+01
   4.4400000e+02   6.4318176e+01
   4.4500000e+02   6.5003006e+01
   4.4600000e+02   6.5696891e+01
   4.4700000e+02   6.6395600e+01
   4.4800000e+02   6.7055012e+01
   4.4900000e+02   6.7606494e+01
   4.5000000e+02   6.7978922e+01
   4.5100000e+02   6.8119716e+01
   4.5200000e+02   6.8048624e+01
   4.5300000e+02   6.7820174e+01
   4.5400000e+02   6.7544559e+01
   4.5500000e+02   6.7369377e+01
   4.5600000e+02   6.7388773e+01
   4.5700000e+02   6.7609851e+01
   4.5800000e+02   6.7991643e+01
   4.5900000e+02   6.8340597e+01
   4.6000000e+02   6.8451154e+01
   4.6100000e+02   6.8173593e+01
   4.6200000e+02   6.7464887e+01
   4.6300000e+02   6.6443339e+01
   4.6400000e+02   6.5330841e+01
   4.6500000e+02   6.4386454e+01
   4.6600000e+02   6.3777637e+01
   4.6700000e+02   6.3504895e+01
   4.6800000e+02   6.3447679e+01
   4.6900000e+02   6.3355550e+01
   4.7000000e+02   6.2973016e+01
   4.7100000e+02   6.2130441e+01
   4.7200000e+02   6.0827370e+01
   4.7300000e+02   5.9272693e+01
   4.7400000e+02   5.7830025e+01
   4.7500000e+02   5.6916316e+01
   4.7600000e+02   5.6973310e+01
   4.7700000e+02   5.8049795e+01
   4.7800000e+02   5.9997167e+01
   4.7900000e+02   6.2300116e+01
   4.8000000e+02   6.4250795e+01
   4.8100000e+02   6.5327471e+01
   4.8200000e+02   6.5358537e+01
   4.8300000e+02   6.4632242e+01
   4.8400000e+02   6.3710861e+01
   4.8500000e+02   6.3162561e+01
   4.8600000e+02   6.3388006e+01
   4.8700000e+02   6.4367754e+01
   4.8800000e+02   6.5815171e+01
   4.8900000e+02   6.7283720e+01
   4.9000000e+02   6.8259396e+01
   4.9100000e+02   6.8388448e+01
   4.9200000e+02   6.7544080e+01
   4.9300000e+02   6.5891824e+01
   4.9400000e+02   6.3866721e+01
   4.9500000e+02   6.1975236e+01
   4.9600000e+02   6.0875674e+01
   4.9700000e+02   6.0884439e+01
   4.9800000e+02   6.2060595e+01
   4.9900000e+02   6.4055540e+01
   5.0000000e+02   6.6206357e+01
   5.0100000e+02   6.7732963e+01
   5.0200000e+02   6.8160722e+01
   5.0300000e+02   6.7407067e+01
   5.0400000e+02   6.5847870e+01
   5.0500000e+02   6.4070205e+01
   5.0600000e+02   6.2629792e+01
   5.0700000e+02   6.1858788e+01
   5.0800000e+02   6.1741321e+01
   5.0900000e+02   6.2054777e+01
   5.1000000e+02   6.2468642e+01
   5.1100000e+02   6.2616667e+01
   5.1200000e+02   6.2303501e+01
   5.1300000e+02   6.1486596e+01
   5.1400000e+02   6.0322304e+01
   5.1500000e+02   5.9094104e+01
   5.1600000e+02   5.8092982e+01
   5.1700000e+02   5.7647936e+01
   5.1800000e+02   5.7840147e+01
   5.1900000e+02   5.8642284e+01
   5.2000000e+02   5.9906904e+01
   5.2100000e+02   6.1341014e+01
   5.2200000e+02   6.2710885e+01
   5.2300000e+02   6.3880728e+01
   5.2400000e+02   6.4788080e+01
   5.2500000e+02   6.5484480e+01
   5.2600000e+02   6.6058582e+01
   5.2700000e+02   6.6595897e+01
   5.2800000e+02   6.7150455e+01
   5.2900000e+02   6.7728535e+01
   5.3000000e+02   6.8328597e+01
   5.3100000e+02   6.8906991e+01
   5.3200000e+02   6.9432476e+01
   5.3300000e+02   6.9873434e+01
   5.3400000e+02   7.0204415e+01
   5.3500000e+02   7.0406832e+01
   5.3600000e+02   7.0464768e+01
   5.3700000e+02   7.0365549e+01
   5.3800000e+02   7.0100877e+01
   5.3900000e+02   6.9649443e+01
   5.4000000e+02   6.9009850e+01
   5.4100000e+02   6.8197458e+01
   5.4200000e+02   6.7209194e+01
   5.4300000e+02   6.6129025e+01
   5.4400000e+02   6.5027987e+01
   5.4500000e+02   6.4004979e+01
   5.4600000e+02   6.3188302e+01
   5.4700000e+02   6.2676376e+01
   5.4800000e+02   6.2463831e+01
   5.4900000e+02   6.2517842e+01
   5.5000000e+02   6.2671725e+01
   5.5100000e+02   6.2700613e+01
   5.5200000e+02   6.2427580e+01
   5.5300000e+02   6.1763091e+01
   5.5400000e+02   6.0802993e+01
   5.5500000e+02   5.9772628e+01
   5.5600000e+02   5.8981252e+01
   5.5700000e+02   5.8698992e+01
   5.5800000e+02   5.9001142e+01
   5.5900000e+02   5.9824704e+01
   5.6000000e+02   6.0895715e+01
   5.6100000e+02   6.1875943e+01
   5.6200000e+02   6.2423703e+01
   5.6300000e+02   6.2309880e+01
   5.6400000e+02   6.1526964e+01
   5.6500000e+02   6.0247452e+01
   5.6600000e+02   5.8869031e+01
   5.6700000e+02   5.7912251e+01
   5.6800000e+02   5.7869661e+01
   5.6900000e+02   5.9014237e+01
   5.7000000e+02   6.1387581e+01
   5.7100000e+02   6.4522630e+01
   5.7200000e+02   6.7687780e+01
   5.7300000e+02   7.0018451e+01
   5.7400000e+02   7.0903081e+01
   5.7500000e+02   7.0226249e+01
   5.7600000e+02   6.8427300e+01
   5.7700000e+02   6.6321128e+01
   5.7800000e+02   6.4715864e+01
   5.7900000e+02   6.4128232e+01
   5.8000000e+02   6.4665146e+01
   5.8100000e+02   6.6057766e+01
   5.8200000e+02   6.7678751e+01
   5.8300000e+02   6.8889897e+01
   5.8400000e+02   6.9061567e+01
   5.8500000e+02   6.7847171e+01
   5.8600000e+02   6.5225932e+01
   5.8700000e+02   6.1575763e+01
   5.8800000e+02   5.7664062e+01
   5.8900000e+02   5.4352528e+01
   5.9000000e+02   5.2604173e+01
   5.9100000e+02   5.2959262e+01
   5.9200000e+02   5.5383091e+01
   5.9300000e+02   5.9122130e+01
   5.9400000e+02   6.2802515e+01
   5.9500000e+02   6.5002796e+01
   5.9600000e+02   6.4884215e+01
   5.9700000e+02   6.2651385e+01
   5.9800000e+02   5.9413388e+01
   5.9900000e+02   5.6509061e+01
   6.0000000e+02   5.5031278e+01
   6.0100000e+02   5.5324652e+01
   6.0200000e+02   5.7151153e+01
   6.0300000e+02   5.9751399e+01
   6.0400000e+02   6.2234412e+01
   6.0500000e+02   6.3800776e+01
   6.0600000e+02   6.3973539e+01
   6.0700000e+02   6.2693788e+01
   6.0800000e+02   6.0359866e+01
   6.0900000e+02   5.7714194e+01
   6.1000000e+02   5.5623321e+01
   6.1100000e+02   5.4869785e+01
   6.1200000e+02   5.5899553e+01
   6.1300000e+02   5.8581815e+01
   6.1400000e+02   6.2263757e+01
   6.1500000e+02   6.5951178e+01
   6.1600000e+02   6.8652102e+01
   6.1700000e+02   6.9815167e+01
   6.1800000e+02   6.9508267e+01
   6.1900000e+02   6.8283286e+01
   6.2000000e+02   6.6866153e+01
   6.2100000e+02   6.5837035e+01
   6.2200000e+02   6.5487940e+01
   6.2300000e+02   6.5762960e+01
   6.2400000e+02   6.6401621e+01
   6.2500000e+02   6.7040544e+01
   6.2600000e+02   6.7368211e+01
   6.2700000e+02   6.7177368e+01
   6.2800000e+02   6.6436118e+01
   6.2900000e+02   6.5264076e+01
   6.3000000e+02   6.3880811e+01
   6.3100000e+02   6.2549187e+01
   6.3200000e+02   6.1490009e+01
   6.3300000e+02   6.0849580e+01
   6.3400000e+02   6.0647363e+01
   6.3500000e+02   6.0808596e+01
   6.3600000e+02   6.1212506e+01
   6.3700000e+02   6.1711043e+01
   6.3800000e+02   6.2191586e+01
   6.3900000e+02   6.2608712e+01
   6.4000000e+02   6.2937003e+01
   6.4100000e+02   6.3195818e+01
   6.4200000e+02   6.3420915e+01
   6.4300000e+02   6.3631701e+01
   6.4400000e+02   6.3848504e+01
   6.4500000e+02   6.4083395e+01
   6.4600000e+02   6.4338870e+01
   6.4700000e+02   6.4623043e+01
   6.4800000e+02   6.4940819e+01
   6.4900000e+02   6.5307293e+01
   6.5000000e+02   6.5726632e+01
   6.5100000e+02   6.6188299e+01
   6.5200000e+02   6.6663770e+01
   6.5300000e+02   6.7086559e+01
   6.5400000e+02   6.7364363e+01
   6.5500000e+02   6.7400033e+01
   6.5600000e+02   6.7112587e+01
   6.5700000e+02   6.6483319e+01
   6.5800000e+02   6.5554772e+01
   6.5900000e+02   6.4495309e+01
   6.6000000e+02   6.3525192e+01
   6.6100000e+02   6.2903812e+01
   6.6200000e+02   6.2827972e+01
   6.6300000e+02   6.3420244e+01
   6.6400000e+02   6.4492439e+01
   6.6500000e+02   6.5755270e+01
   6.6600000e+02   6.6744489e+01
   6.6700000e+02   6.7016115e+01
   6.6800000e+02   6.6400419e+01
   6.6900000e+02   6.5024736e+01
   6.7000000e+02   6.3317721e+01
   6.7100000e+02   6.1806422e+01
   6.7200000e+02   6.0915055e+01
   6.7300000e+02   6.0860710e+01
   6.7400000e+02   6.1476957e+01
   6.7500000e+02   6.2425489e+01
   6.7600000e+02   6.3222883e+01
   6.7700000e+02   6.3408775e+01
   6.7800000e+02   6.2711158e+01
   6.7900000e+02   6.1105881e+01
   6.8000000e+02   5.8905104e+01
   6.8100000e+02   5.6631266e+01
   6.8200000e+02   5.4936030e+01
   6.8300000e+02   5.4466296e+01
   6.8400000e+02   5.5511585e+01
   6.8500000e+02   5.7953501e+01
   6.8600000e+02   6.1211951e+01
   6.8700000e+02   6.4338442e+01
   6.8800000e+02   6.6419003e+01
   6.8900000e+02   6.6998053e+01
   6.9000000e+02   6.6197628e+01
   6.9100000e+02   6.4706176e+01
   6.9200000e+02   6.3326314e+01
   6.9300000e+02   6.2745204e+01
   6.9400000e+02   6.3233749e+01
   6.9500000e+02   6.4612813e+01
   6.9600000e+02   6.6444899e+01
   6.9700000e+02   6.8156501e+01
   6.9800000e+02   6.9166310e+01
   6.9900000e+02   6.9140934e+01
   7.0000000e+02   6.7994402e+01
   7.0100000e+02   6.5968736e+01
   7.0200000e+02   6.3535527e+01
   7.0300000e+02   6.1324426e+01
   7.0400000e+02   5.9996580e+01
   7.0500000e+02   5.9896647e+01
   7.0600000e+02   6.1085129e+01
   7.0700000e+02   6.3204534e+01
   7.0800000e+02   6.5455304e+01
   7.0900000e+02   6.7048817e+01
   7.1000000e+02   6.7428593e+01
   7.1100000e+02   6.6510186e+01
   7.1200000e+02   6.4721355e+01
   7.1300000e+02   6.2740090e+01
   7.1400000e+02   6.1222636e+01
   7.1500000e+02   6.0492579e+01
   7.1600000e+02   6.0540157e+01
   7.1700000e+02   6.1102785e+01
   7.1800000e+02   6.1721596e+01
   7.1900000e+02   6.1995422e+01
   7.2000000e+02   6.1687041e+01
   7.2100000e+02   6.0787241e+01
   7.2200000e+02   5.9530602e+01
   7.2300000e+02   5.8303596e+01
   7.2400000e+02   5.7536841e+01
   7.2500000e+02   5.7581375e+01
   7.2600000e+02   5.8437440e+01
   7.2700000e+02   6.0000771e+01
   7.2800000e+02   6.1829313e+01
   7.2900000e+02   6.3507137e+01
   7.3000000e+02   6.4745477e+01
   7.3100000e+02   6.5479332e+01
   7.3200000e+02   6.5852287e+01
   7.3300000e+02   6.6095274e+01
   7.3400000e+02   6.6410863e+01
   7.3500000e+02   6.6885621e+01
   7.3600000e+02   6.7465094e+01
   7.3700000e+02   6.8031234e+01
   7.3800000e+02   6.8455383e+01
   7.3900000e+02   6.8653282e+01
   7.4000000e+02   6.8627726e+01
   7.4100000e+02   6.8447359e+01
   7.4200000e+02   6.8245366e+01
   7.4300000e+02   6.8121548e+01
   7.4400000e+02   6.8108832e+01
   7.4500000e+02   6.8221513e+01
   7.4600000e+02   6.8333829e+01
   7.4700000e+02   6.8361346e+01
   7.4800000e+02   6.8228061e+01
   7.4900000e+02   6.7924352e+01
   7.5000000e+02   6.7492587e+01
   7.5100000e+02   6.7002971e+01
   7.5200000e+02   6.6500056e+01
   7.5300000e+02   6.5986576e+01
   7.5400000e+02   6.5427545e+01
   7.5500000e+02   6.4776999e+01
   7.5600000e+02   6.4021515e+01
   7.5700000e+02   6.3217985e+01
   7.5800000e+02   6.2460290e+01
   7.5900000e+02   6.1884339e+01
   7.6000000e+02   6.1630695e+01
   7.6100000e+02   6.1687187e+01
   7.6200000e+02   6.2008575e+01
   7.6300000e+02   6.2408799e+01
   7.6400000e+02   6.2701196e+01
   7.6500000e+02   6.2756384e+01
   7.6600000e+02   6.2587226e+01
   7.6700000e+02   6.2329862e+01
   7.6800000e+02   6.2164763e+01
   7.6900000e+02   6.2227412e+01
   7.7000000e+02   6.2563754e+01
   7.7100000e+02   6.3063732e+01
   7.7200000e+02   6.3551262e+01
   7.7300000e+02   6.3842362e+01
   7.7400000e+02   6.3826862e+01
   7.7500000e+02   6.3519559e+01
   7.7600000e+02   6.3051773e+01
   7.7700000e+02   6.2676866e+01
   7.7800000e+02   6.2654438e+01
   7.7900000e+02   6.3116130e+01
   7.8000000e+02   6.4123818e+01
   7.8100000e+02   6.5471636e+01
   7.8200000e+02   6.6866009e+01
   7.8300000e+02   6.7979277e+01
   7.8400000e+02   6.8608539e+01
   7.8500000e+02   6.8718791e+01
   7.8600000e+02   6.8464979e+01
   7.8700000e+02   6.8087558e+01
   7.8800000e+02   6.7805419e+01
   7.8900000e+02   6.7707647e+01
   7.9000000e+02   6.7760436e+01
   7.9100000e+02   6.7831093e+01
   7.9200000e+02   6.7734585e+01
   7.9300000e+02   6.7338593e+01
   7.9400000e+02   6.6596182e+01
   7.9500000e+02   6.5590103e+01
   7.9600000e+02   6.4494719e+01
   7.9700000e+02   6.3514339e+01
   7.9800000e+02   6.2873422e+01
   7.9900000e+02   6.2644480e+01
   8.0000000e+02   6.2784695e+01
   8.0100000e+02   6.3151681e+01
   8.0200000e+02   6.3505402e+01
   8.0300000e+02   6.3677242e+01
   8.0400000e+02   6.3599345e+01
   8.0500000e+02   6.3339963e+01
   8.0600000e+02   6.3041497e+01
   8.0700000e+02   6.2846182e+01
   8.0800000e+02   6.2837585e+01
   8.0900000e+02   6.2996510e+01
   8.1000000e+02   6.3232771e+01
   8.1100000e+02   6.3437700e+01
   8.1200000e+02   6.3529558e+01
   8.1300000e+02   6.3510659e+01
   8.1400000e+02   6.3437590e+01
   8.1500000e+02   6.3448890e+01
   8.1600000e+02   6.3663960e+01
   8.1700000e+02   6.4153008e+01
   8.1800000e+02   6.4889030e+01
   8.1900000e+02   6.5759414e+01
   8.2000000e+02   6.6571601e+01
   8.2100000e+02   6.7174350e+01
   8.2200000e+02   6.7475235e+01
   8.2300000e+02   6.7515079e+01
   8.2400000e+02   6.7400351e+01
   8.2500000e+02   6.7272059e+01
   8.2600000e+02   6.7219404e+01
   8.2700000e+02   6.7239548e+01
   8.2800000e+02   6.7235056e+01
   8.2900000e+02   6.7061755e+01
   8.3000000e+02   6.6585587e+01
   8.3100000e+02   6.5755115e+01
   8.3200000e+02   6.4621526e+01
   8.3300000e+02   6.3396389e+01
   8.3400000e+02   6.2345117e+01
   8.3500000e+02   6.1764428e+01
   8.3600000e+02   6.1810247e+01
   8.3700000e+02   6.2485234e+01
   8.3800000e+02   6.3496085e+01
   8.3900000e+02   6.4430760e+01
   8.4000000e+02   6.4859889e+01
   8.4100000e+02   6.4571790e+01
   8.4200000e+02   6.3668606e+01
   8.4300000e+02   6.2534849e+01
   8.4400000e+02   6.1665048e+01
   8.4500000e+02   6.1395473e+01
   8.4600000e+02   6.1819538e+01
   8.4700000e+02   6.2735021e+01
   8.4800000e+02   6.3718616e+01
   8.4900000e+02   6.4313967e+01
   8.5000000e+02   6.4150690e+01
   8.5100000e+02   6.3119680e+01
   8.5200000e+02   6.1391290e+01
   8.5300000e+02   5.9447488e+01
   8.5400000e+02   5.7916397e+01
   8.5500000e+02   5.7435853e+01
   8.5600000e+02   5.8377879e+01
   8.5700000e+02   6.0665257e+01
   8.5800000e+02   6.3726027e+01
   8.5900000e+02   6.6617391e+01
   8.6000000e+02   6.8396704e+01
   8.6100000e+02   6.8601834e+01
   8.6200000e+02   6.7427451e+01
   8.6300000e+02   6.5606314e+01
   8.6400000e+02   6.4044915e+01
   8.6500000e+02   6.3395105e+01
   8.6600000e+02   6.3865431e+01
   8.6700000e+02   6.5184893e+01
   8.6800000e+02   6.6798679e+01
   8.6900000e+02   6.8050645e+01
   8.7000000e+02   6.8373037e+01
   8.7100000e+02   6.7501211e+01
   8.7200000e+02   6.5505602e+01
   8.7300000e+02   6.2811820e+01
   8.7400000e+02   6.0074021e+01
   8.7500000e+02   5.8056165e+01
   8.7600000e+02   5.7317576e+01
   8.7700000e+02   5.8065808e+01
   8.7800000e+02   6.0000382e+01
   8.7900000e+02   6.2404550e+01
   8.8000000e+02   6.4346793e+01
   8.8100000e+02   6.5141736e+01
   8.8200000e+02   6.4620583e+01
   8.8300000e+02   6.3145719e+01
   8.8400000e+02   6.1407708e+01
   8.8500000e+02   6.0055016e+01
   8.8600000e+02   5.9464766e+01
   8.8700000e+02   5.9662795e+01
   8.8800000e+02   6.0376916e+01
   8.8900000e+02   6.1253090e+01
   8.9000000e+02   6.1917449e+01
   8.9100000e+02   6.2163444e+01
   8.9200000e+02   6.1971446e+01
   8.9300000e+02   6.1479878e+01
   8.9400000e+02   6.0968444e+01
   8.9500000e+02   6.0675632e+01
   8.9600000e+02   6.0823988e+01
   8.9700000e+02   6.1471897e+01
   8.9800000e+02   6.2527411e+01
   8.9900000e+02   6.3836216e+01
   9.0000000e+02   6.5205612e+01
   9.0100000e+02   6.6447125e+01
   9.0200000e+02   6.7490958e+01
   9.0300000e+02   6.8311600e+01
   9.0400000e+02   6.8919348e+01
   9.0500000e+02   6.9373340e+01
   9.0600000e+02   6.9701700e+01
   9.0700000e+02   6.9922437e+01
   9.0800000e+02   7.0048713e+01
   9.0900000e+02   7.0080569e+01
   9.1000000e+02   7.0008512e+01
   9.1100000e+02   6.9836153e+01
   9.1200000e+02   6.9556028e+01
   9.1300000e+02   6.9175678e+01
   9.1400000e+02   6.8705538e+01
   9.1500000e+02   6.8175316e+01
   9.1600000e+02   6.7611935e+01
   9.1700000e+02   6.7040721e+01
   9.1800000e+02   6.6459368e+01
   9.1900000e+02   6.5832571e+01
   9.2000000e+02   6.5094098e+01
   9.2100000e+02   6.4163431e+01
   9.2200000e+02   6.2983201e+01
   9.2300000e+02   6.1591536e+01
   9.2400000e+02   6.0082420e+01
   9.2500000e+02   5.8689053e+01
   9.2600000e+02   5.7710331e+01
   9.2700000e+02   5.7411193e+01
   9.2800000e+02   5.7899089e+01
   9.2900000e+02   5.9171456e+01
   9.3000000e+02   6.0782198e+01
   9.3100000e+02   6.2242410e+01
   9.3200000e+02   6.3009394e+01
   9.3300000e+02   6.2803462e+01
   9.3400000e+02   6.1770336e+01
   9.3500000e+02   6.0399935e+01
   9.3600000e+02   5.9369089e+01
   9.3700000e+02   5.9178916e+01
   9.3800000e+02   6.0015754e+01
   9.3900000e+02   6.1723154e+01
   9.4000000e+02   6.3800229e+01
   9.4100000e+02   6.5597581e+01
   9.4200000e+02   6.6526421e+01
   9.4300000e+02   6.6171130e+01
   9.4400000e+02   6.4459137e+01
   9.4500000e+02   6.1696133e+01
   9.4600000e+02   5.8533898e+01
   9.4700000e+02   5.5942232e+01
   9.4800000e+02   5.4726962e+01
   9.4900000e+02   5.5644940e+01
   9.5000000e+02   5.8735370e+01
   9.5100000e+02   6.3312319e+01
   9.5200000e+02   6.7986681e+01
   9.5300000e+02   7.1157102e+01
   9.5400000e+02   7.1613682e+01
   9.5500000e+02   6.9318273e+01
   9.5600000e+02   6.5294909e+01
   9.5700000e+02   6.1219058e+01
   9.5800000e+02   5.8468667e+01
   9.5900000e+02   5.7791192e+01
   9.6000000e+02   5.9218188e+01
   9.6100000e+02   6.1933678e+01
   9.6200000e+02   6.4904018e+01
   9.6300000e+02   6.6994220e+01
   9.6400000e+02   6.7262907e+01
   9.6500000e+02   6.5279129e+01
   9.6600000e+02   6.1169676e+01
   9.6700000e+02   5.5757614e+01
   9.6800000e+02   5.0271170e+01
   9.6900000e+02   4.6194387e+01
   9.7000000e+02   4.4917367e+01
   9.7100000e+02   4.7025975e+01
   9.7200000e+02   5.2033076e+01
   9.7300000e+02   5.8357173e+01
   9.7400000e+02   6.3530813e+01
   9.7500000e+02   6.5575001e+01
   9.7600000e+02   6.3996598e+01
   9.7700000e+02   6.0031194e+01
   9.7800000e+02   5.5754924e+01
   9.7900000e+02   5.3039585e+01
   9.8000000e+02   5.2803630e+01
   9.8100000e+02   5.4967877e+01
   9.8200000e+02   5.8596803e+01
   9.8300000e+02   6.2582636e+01
   9.8400000e+02   6.5722066e+01
   9.8500000e+02   6.7214692e+01
   9.8600000e+02   6.6744535e+01
   9.8700000e+02   6.4543706e+01
   9.8800000e+02   6.1355165e+01
   9.8900000e+02   5.8148370e+01
   9.9000000e+02   5.5949452e+01
   9.9100000e+02   5.5594549e+01
   9.9200000e+02   5.7237190e+01
   9.9300000e+02   6.0522657e+01
   9.9400000e+02   6.4517261e+01
   9.9500000e+02   6.7975497e+01
   9.9600000e+02   6.9987959e+01
   9.9700000e+02   7.0210418e+01
   9.9800000e+02   6.8971226e+01
   9.9900000e+02   6.7023450e+01
   1.0000000e+03   6.5096909e+01
