  -0.0000000e+00   3.8682939e+02
   1.0000000e+00   3.8580463e+02
   2.0000000e+00   3.8607605e+02
   3.0000000e+00   3.8752970e+02
   4.0000000e+00   3.9001644e+02
   5.0000000e+00   3.9346180e+02
   6.0000000e+00   3.9739736e+02
   7.0000000e+00   4.0151859e+02
   8.0000000e+00   4.0553010e+02
   9.0000000e+00   4.0894905e+02
   1.0000000e+01   4.1146866e+02
   1.1000000e+01   4.1301560e+02
   1.2000000e+01   4.1322281e+02
   1.3000000e+01   4.1223655e+02
   1.4000000e+01   4.1015176e+02
   1.5000000e+01   4.0709739e+02
   1.6000000e+01   4.0340630e+02
   1.7000000e+01   3.9948458e+02
   1.8000000e+01   3.9558553e+02
   1.9000000e+01   3.9211135e+02
   2.0000000e+01   3.8944434e+02
   2.1000000e+01   3.8766739e+02
   2.2000000e+01   3.8704510e+02
   2.3000000e+01   3.8762280e+02
   2.4000000e+01   3.8928139e+02
   2.5000000e+01   3.9188391e+02
   2.6000000e+01   3.9532515e+02
   2.7000000e+01   3.9907714e+02
   2.8000000e+01   4.0304708e+02
   2.9000000e+01   4.0679687e+02
   3.0000000e+01   4.1002256e+02
   3.1000000e+01   4.1252553e+02
   3.2000000e+01   4.1419132e+02
   3.3000000e+01   4.1479647e+02
   3.4000000e+01   4.1449444e+02
   3.5000000e+01   4.1332515e+02
   3.6000000e+01   4.1134044e+02
   3.7000000e+01   4.0880083e+02
   3.8000000e+01   4.0589657e+02
   3.9000000e+01   4.0268034e+02
   4.0000000e+01   3.9948857e+02
   4.1000000e+01   3.9638415e+02
   4.2000000e+01   3.9346914e+02
   4.3000000e+01   3.9093080e+02
   4.4000000e+01   3.8884163e+02
   4.5000000e+01   3.8716817e+02
   4.6000000e+01   3.8614951e+02
   4.7000000e+01   3.8567735e+02
   4.8000000e+01   3.8583331e+02
   4.9000000e+01   3.8664500e+02
   5.0000000e+01   3.8813393e+02
   5.1000000e+01   3.9012396e+02
   5.2000000e+01   3.9277879e+02
   5.3000000e+01   3.9582420e+02
   5.4000000e+01   3.9917174e+02
   5.5000000e+01   4.0273229e+02
   5.6000000e+01   4.0622568e+02
   5.7000000e+01   4.0941163e+02
   5.8000000e+01   4.1219512e+02
   5.9000000e+01   4.1420431e+02
   6.0000000e+01   4.1531142e+02
   6.1000000e+01   4.1544883e+02
   6.2000000e+01   4.1442152e+02
   6.3000000e+01   4.1232967e+02
   6.4000000e+01   4.0929559e+02
   6.5000000e+01   4.0548390e+02
   6.6000000e+01   4.0114022e+02
   6.7000000e+01   3.9672597e+02
   6.8000000e+01   3.9244407e+02
   6.9000000e+01   3.8875278e+02
   7.0000000e+01   3.8597280e+02
   7.1000000e+01   3.8432313e+02
   7.2000000e+01   3.8399387e+02
   7.3000000e+01   3.8514769e+02
   7.4000000e+01   3.8762108e+02
   7.5000000e+01   3.9140568e+02
   7.6000000e+01   3.9618425e+02
   7.7000000e+01   4.0165576e+02
   7.8000000e+01   4.0737019e+02
   7.9000000e+01   4.1294430e+02
   8.0000000e+01   4.1781167e+02
   8.1000000e+01   4.2161892e+02
   8.2000000e+01   4.2396168e+02
   8.3000000e+01   4.2456625e+02
   8.4000000e+01   4.2330121e+02
   8.5000000e+01   4.2024043e+02
   8.6000000e+01   4.1545132e+02
   8.7000000e+01   4.0933836e+02
   8.8000000e+01   4.0228868e+02
   8.9000000e+01   3.9479946e+02
   9.0000000e+01   3.8742531e+02
   9.1000000e+01   3.8075124e+02
   9.2000000e+01   3.7520549e+02
   9.3000000e+01   3.7130620e+02
   9.4000000e+01   3.6934971e+02
   9.5000000e+01   3.6956526e+02
   9.6000000e+01   3.7200726e+02
   9.7000000e+01   3.7669142e+02
   9.8000000e+01   3.8325112e+02
   9.9000000e+01   3.9144068e+02
   1.0000000e+02   4.0063478e+02
   1.0100000e+02   4.1016480e+02
   1.0200000e+02   4.1932235e+02
   1.0300000e+02   4.2729005e+02
   1.0400000e+02   4.3330065e+02
   1.0500000e+02   4.3682502e+02
   1.0600000e+02   4.3740527e+02
   1.0700000e+02   4.3492399e+02
   1.0800000e+02   4.2962062e+02
   1.0900000e+02   4.2188425e+02
   1.1000000e+02   4.1249529e+02
   1.1100000e+02   4.0229581e+02
   1.1200000e+02   3.9225228e+02
   1.1300000e+02   3.8320552e+02
   1.1400000e+02   3.7601410e+02
   1.1500000e+02   3.7117976e+02
   1.1600000e+02   3.6912087e+02
   1.1700000e+02   3.6991614e+02
   1.1800000e+02   3.7345746e+02
   1.1900000e+02   3.7939454e+02
   1.2000000e+02   3.8716078e+02
   1.2100000e+02   3.9609445e+02
   1.2200000e+02   4.0538932e+02
   1.2300000e+02   4.1422627e+02
   1.2400000e+02   4.2188229e+02
   1.2500000e+02   4.2768886e+02
   1.2600000e+02   4.3118662e+02
   1.2700000e+02   4.3218716e+02
   1.2800000e+02   4.3062689e+02
   1.2900000e+02   4.2674739e+02
   1.3000000e+02   4.2097456e+02
   1.3100000e+02   4.1379046e+02
   1.3200000e+02   4.0586027e+02
   1.3300000e+02   3.9778206e+02
   1.3400000e+02   3.9017335e+02
   1.3500000e+02   3.8352801e+02
   1.3600000e+02   3.7833086e+02
   1.3700000e+02   3.7480336e+02
   1.3800000e+02   3.7317987e+02
   1.3900000e+02   3.7349594e+02
   1.4000000e+02   3.7563942e+02
   1.4100000e+02   3.7945733e+02
   1.4200000e+02   3.8465066e+02
   1.4300000e+02   3.9079911e+02
   1.4400000e+02   3.9754174e+02
   1.4500000e+02   4.0437402e+02
   1.4600000e+02   4.1084514e+02
   1.4700000e+02   4.1654557e+02
   1.4800000e+02   4.2114583e+02
   1.4900000e+02   4.2432392e+02
   1.5000000e+02   4.2597273e+02
   1.5100000e+02   4.2602397e+02
   1.5200000e+02   4.2450898e+02
   1.5300000e+02   4.2157702e+02
   1.5400000e+02   4.1748320e+02
   1.5500000e+02   4.1240485e+02
   1.5600000e+02   4.0675111e+02
   1.5700000e+02   4.0078512e+02
   1.5800000e+02   3.9483391e+02
   1.5900000e+02   3.8924154e+02
   1.6000000e+02   3.8430366e+02
   1.6100000e+02   3.8025324e+02
   1.6200000e+02   3.7735900e+02
   1.6300000e+02   3.7579863e+02
   1.6400000e+02   3.7564900e+02
   1.6500000e+02   3.7701850e+02
   1.6600000e+02   3.7988759e+02
   1.6700000e+02   3.8406565e+02
   1.6800000e+02   3.8948262e+02
   1.6900000e+02   3.9577351e+02
   1.7000000e+02   4.0256915e+02
   1.7100000e+02   4.0947735e+02
   1.7200000e+02   4.1601680e+02
   1.7300000e+02   4.2159716e+02
   1.7400000e+02   4.2591010e+02
   1.7500000e+02   4.2842529e+02
   1.7600000e+02   4.2890797e+02
   1.7700000e+02   4.2725820e+02
   1.7800000e+02   4.2351887e+02
   1.7900000e+02   4.1783932e+02
   1.8000000e+02   4.1076530e+02
   1.8100000e+02   4.0274307e+02
   1.8200000e+02   3.9436192e+02
   1.8300000e+02   3.8646052e+02
   1.8400000e+02   3.7950210e+02
   1.8500000e+02   3.7417624e+02
   1.8600000e+02   3.7096821e+02
   1.8700000e+02   3.7015635e+02
   1.8800000e+02   3.7186823e+02
   1.8900000e+02   3.7622070e+02
   1.9000000e+02   3.8277561e+02
   1.9100000e+02   3.9124757e+02
   1.9200000e+02   4.0100121e+02
   1.9300000e+02   4.1123060e+02
   1.9400000e+02   4.2109085e+02
   1.9500000e+02   4.2981214e+02
   1.9600000e+02   4.3641919e+02
   1.9700000e+02   4.4038867e+02
   1.9800000e+02   4.4133544e+02
   1.9900000e+02   4.3900057e+02
   2.0000000e+02   4.3365806e+02
   2.0100000e+02   4.2578505e+02
   2.0200000e+02   4.1590754e+02
   2.0300000e+02   4.0498801e+02
   2.0400000e+02   3.9381734e+02
   2.0500000e+02   3.8326078e+02
   2.0600000e+02   3.7406343e+02
   2.0700000e+02   3.6695515e+02
   2.0800000e+02   3.6224255e+02
   2.0900000e+02   3.6037143e+02
   2.1000000e+02   3.6139381e+02
   2.1100000e+02   3.6522707e+02
   2.1200000e+02   3.7163398e+02
   2.1300000e+02   3.8028754e+02
   2.1400000e+02   3.9041821e+02
   2.1500000e+02   4.0151139e+02
   2.1600000e+02   4.1265336e+02
   2.1700000e+02   4.2293446e+02
   2.1800000e+02   4.3161365e+02
   2.1900000e+02   4.3792641e+02
   2.2000000e+02   4.4120192e+02
   2.2100000e+02   4.4128214e+02
   2.2200000e+02   4.3809603e+02
   2.2300000e+02   4.3183250e+02
   2.2400000e+02   4.2323174e+02
   2.2500000e+02   4.1300637e+02
   2.2600000e+02   4.0203572e+02
   2.2700000e+02   3.9146108e+02
   2.2800000e+02   3.8212584e+02
   2.2900000e+02   3.7475615e+02
   2.3000000e+02   3.7015118e+02
   2.3100000e+02   3.6847918e+02
   2.3200000e+02   3.6987544e+02
   2.3300000e+02   3.7424130e+02
   2.3400000e+02   3.8104923e+02
   2.3500000e+02   3.8961702e+02
   2.3600000e+02   3.9929942e+02
   2.3700000e+02   4.0898683e+02
   2.3800000e+02   4.1788583e+02
   2.3900000e+02   4.2523334e+02
   2.4000000e+02   4.3035324e+02
   2.4100000e+02   4.3282488e+02
   2.4200000e+02   4.3274740e+02
   2.4300000e+02   4.3002418e+02
   2.4400000e+02   4.2518884e+02
   2.4500000e+02   4.1876842e+02
   2.4600000e+02   4.1128994e+02
   2.4700000e+02   4.0344394e+02
   2.4800000e+02   3.9588453e+02
   2.4900000e+02   3.8900025e+02
   2.5000000e+02   3.8327850e+02
   2.5100000e+02   3.7901538e+02
   2.5200000e+02   3.7630063e+02
   2.5300000e+02   3.7518051e+02
   2.5400000e+02   3.7569073e+02
   2.5500000e+02   3.7751325e+02
   2.5600000e+02   3.8055216e+02
   2.5700000e+02   3.8452868e+02
   2.5800000e+02   3.8908463e+02
   2.5900000e+02   3.9395351e+02
   2.6000000e+02   3.9896006e+02
   2.6100000e+02   4.0362835e+02
   2.6200000e+02   4.0795945e+02
   2.6300000e+02   4.1168874e+02
   2.6400000e+02   4.1464653e+02
   2.6500000e+02   4.1681880e+02
   2.6600000e+02   4.1815023e+02
   2.6700000e+02   4.1850435e+02
   2.6800000e+02   4.1798685e+02
   2.6900000e+02   4.1662637e+02
   2.7000000e+02   4.1431167e+02
   2.7100000e+02   4.1131296e+02
   2.7200000e+02   4.0765384e+02
   2.7300000e+02   4.0345570e+02
   2.7400000e+02   3.9901535e+02
   2.7500000e+02   3.9457661e+02
   2.7600000e+02   3.9029177e+02
   2.7700000e+02   3.8665274e+02
   2.7800000e+02   3.8380241e+02
   2.7900000e+02   3.8199993e+02
   2.8000000e+02   3.8153027e+02
   2.8100000e+02   3.8244325e+02
   2.8200000e+02   3.8472411e+02
   2.8300000e+02   3.8838959e+02
   2.8400000e+02   3.9317799e+02
   2.8500000e+02   3.9872154e+02
   2.8600000e+02   4.0477760e+02
   2.8700000e+02   4.1073972e+02
   2.8800000e+02   4.1611519e+02
   2.8900000e+02   4.2055610e+02
   2.9000000e+02   4.2346384e+02
   2.9100000e+02   4.2460478e+02
   2.9200000e+02   4.2384049e+02
   2.9300000e+02   4.2108375e+02
   2.9400000e+02   4.1652790e+02
   2.9500000e+02   4.1058171e+02
   2.9600000e+02   4.0358365e+02
   2.9700000e+02   3.9617395e+02
   2.9800000e+02   3.8894542e+02
   2.9900000e+02   3.8244789e+02
   3.0000000e+02   3.7721218e+02
   3.0100000e+02   3.7375239e+02
   3.0200000e+02   3.7229240e+02
   3.0300000e+02   3.7304570e+02
   3.0400000e+02   3.7607291e+02
   3.0500000e+02   3.8112721e+02
   3.0600000e+02   3.8793989e+02
   3.0700000e+02   3.9603994e+02
   3.0800000e+02   4.0472813e+02
   3.0900000e+02   4.1335792e+02
   3.1000000e+02   4.2115655e+02
   3.1100000e+02   4.2740188e+02
   3.1200000e+02   4.3148065e+02
   3.1300000e+02   4.3307902e+02
   3.1400000e+02   4.3191251e+02
   3.1500000e+02   4.2818471e+02
   3.1600000e+02   4.2224879e+02
   3.1700000e+02   4.1462559e+02
   3.1800000e+02   4.0606214e+02
   3.1900000e+02   3.9737297e+02
   3.2000000e+02   3.8917661e+02
   3.2100000e+02   3.8224739e+02
   3.2200000e+02   3.7706063e+02
   3.2300000e+02   3.7391366e+02
   3.2400000e+02   3.7304012e+02
   3.2500000e+02   3.7440295e+02
   3.2600000e+02   3.7779515e+02
   3.2700000e+02   3.8292052e+02
   3.2800000e+02   3.8932487e+02
   3.2900000e+02   3.9641151e+02
   3.3000000e+02   4.0363201e+02
   3.3100000e+02   4.1038745e+02
   3.3200000e+02   4.1602357e+02
   3.3300000e+02   4.2021917e+02
   3.3400000e+02   4.2251061e+02
   3.3500000e+02   4.2280275e+02
   3.3600000e+02   4.2111649e+02
   3.3700000e+02   4.1763933e+02
   3.3800000e+02   4.1270210e+02
   3.3900000e+02   4.0688104e+02
   3.4000000e+02   4.0062641e+02
   3.4100000e+02   3.9459527e+02
   3.4200000e+02   3.8930566e+02
   3.4300000e+02   3.8523487e+02
   3.4400000e+02   3.8273566e+02
   3.4500000e+02   3.8199345e+02
   3.4600000e+02   3.8309940e+02
   3.4700000e+02   3.8583528e+02
   3.4800000e+02   3.9000538e+02
   3.4900000e+02   3.9508154e+02
   3.5000000e+02   4.0061797e+02
   3.5100000e+02   4.0596275e+02
   3.5200000e+02   4.1066397e+02
   3.5300000e+02   4.1415267e+02
   3.5400000e+02   4.1620879e+02
   3.5500000e+02   4.1664356e+02
   3.5600000e+02   4.1553733e+02
   3.5700000e+02   4.1308955e+02
   3.5800000e+02   4.0970964e+02
   3.5900000e+02   4.0576030e+02
   3.6000000e+02   4.0175838e+02
   3.6100000e+02   3.9808149e+02
   3.6200000e+02   3.9505829e+02
   3.6300000e+02   3.9292575e+02
   3.6400000e+02   3.9179648e+02
   3.6500000e+02   3.9161056e+02
   3.6600000e+02   3.9229818e+02
   3.6700000e+02   3.9359341e+02
   3.6800000e+02   3.9529211e+02
   3.6900000e+02   3.9701165e+02
   3.7000000e+02   3.9860242e+02
   3.7100000e+02   3.9969603e+02
   3.7200000e+02   4.0025570e+02
   3.7300000e+02   4.0013924e+02
   3.7400000e+02   3.9942421e+02
   3.7500000e+02   3.9820899e+02
   3.7600000e+02   3.9674587e+02
   3.7700000e+02   3.9521320e+02
   3.7800000e+02   3.9395677e+02
   3.7900000e+02   3.9317018e+02
   3.8000000e+02   3.9307723e+02
   3.8100000e+02   3.9377610e+02
   3.8200000e+02   3.9532202e+02
   3.8300000e+02   3.9757407e+02
   3.8400000e+02   4.0038925e+02
   3.8500000e+02   4.0349703e+02
   3.8600000e+02   4.0650843e+02
   3.8700000e+02   4.0913259e+02
   3.8800000e+02   4.1102369e+02
   3.8900000e+02   4.1188552e+02
   3.9000000e+02   4.1163165e+02
   3.9100000e+02   4.1022401e+02
   3.9200000e+02   4.0775071e+02
   3.9300000e+02   4.0455271e+02
   3.9400000e+02   4.0091857e+02
   3.9500000e+02   3.9727963e+02
   3.9600000e+02   3.9402913e+02
   3.9700000e+02   3.9158776e+02
   3.9800000e+02   3.9009837e+02
   3.9900000e+02   3.8988226e+02
   4.0000000e+02   3.9083174e+02
   4.0100000e+02   3.9288611e+02
   4.0200000e+02   3.9581354e+02
   4.0300000e+02   3.9931140e+02
   4.0400000e+02   4.0287767e+02
   4.0500000e+02   4.0629007e+02
   4.0600000e+02   4.0901871e+02
   4.0700000e+02   4.1082019e+02
   4.0800000e+02   4.1151570e+02
   4.0900000e+02   4.1101403e+02
   4.1000000e+02   4.0931937e+02
   4.1100000e+02   4.0670481e+02
   4.1200000e+02   4.0336660e+02
   4.1300000e+02   3.9961759e+02
   4.1400000e+02   3.9591548e+02
   4.1500000e+02   3.9252427e+02
   4.1600000e+02   3.8972114e+02
   4.1700000e+02   3.8789645e+02
   4.1800000e+02   3.8700311e+02
   4.1900000e+02   3.8722015e+02
   4.2000000e+02   3.8847935e+02
   4.2100000e+02   3.9062152e+02
   4.2200000e+02   3.9338923e+02
   4.2300000e+02   3.9663568e+02
   4.2400000e+02   3.9987103e+02
   4.2500000e+02   4.0290736e+02
   4.2600000e+02   4.0542731e+02
   4.2700000e+02   4.0718498e+02
   4.2800000e+02   4.0803943e+02
   4.2900000e+02   4.0804101e+02
   4.3000000e+02   4.0714761e+02
   4.3100000e+02   4.0558607e+02
   4.3200000e+02   4.0367536e+02
   4.3300000e+02   4.0153350e+02
   4.3400000e+02   3.9960924e+02
   4.3500000e+02   3.9811365e+02
   4.3600000e+02   3.9720305e+02
   4.3700000e+02   3.9701479e+02
   4.3800000e+02   3.9763745e+02
   4.3900000e+02   3.9881224e+02
   4.4000000e+02   4.0051982e+02
   4.4100000e+02   4.0246941e+02
   4.4200000e+02   4.0431392e+02
   4.4300000e+02   4.0585180e+02
   4.4400000e+02   4.0685729e+02
   4.4500000e+02   4.0699551e+02
   4.4600000e+02   4.0633745e+02
   4.4700000e+02   4.0483264e+02
   4.4800000e+02   4.0247647e+02
   4.4900000e+02   3.9963285e+02
   4.5000000e+02   3.9647371e+02
   4.5100000e+02   3.9325411e+02
   4.5200000e+02   3.9044230e+02
   4.5300000e+02   3.8823157e+02
   4.5400000e+02   3.8689101e+02
   4.5500000e+02   3.8667941e+02
   4.5600000e+02   3.8767587e+02
   4.5700000e+02   3.8978753e+02
   4.5800000e+02   3.9306187e+02
   4.5900000e+02   3.9715796e+02
   4.6000000e+02   4.0173993e+02
   4.6100000e+02   4.0649685e+02
   4.6200000e+02   4.1090228e+02
   4.6300000e+02   4.1443768e+02
   4.6400000e+02   4.1686086e+02
   4.6500000e+02   4.1768993e+02
   4.6600000e+02   4.1678056e+02
   4.6700000e+02   4.1424022e+02
   4.6800000e+02   4.1013272e+02
   4.6900000e+02   4.0483813e+02
   4.7000000e+02   3.9896741e+02
   4.7100000e+02   3.9298069e+02
   4.7200000e+02   3.8752544e+02
   4.7300000e+02   3.8324497e+02
   4.7400000e+02   3.8053478e+02
   4.7500000e+02   3.7969634e+02
   4.7600000e+02   3.8104016e+02
   4.7700000e+02   3.8433163e+02
   4.7800000e+02   3.8942912e+02
   4.7900000e+02   3.9595487e+02
   4.8000000e+02   4.0320858e+02
   4.8100000e+02   4.1056575e+02
   4.8200000e+02   4.1737386e+02
   4.8300000e+02   4.2277517e+02
   4.8400000e+02   4.2628823e+02
   4.8500000e+02   4.2758144e+02
   4.8600000e+02   4.2629208e+02
   4.8700000e+02   4.2265195e+02
   4.8800000e+02   4.1699581e+02
   4.8900000e+02   4.0971885e+02
   4.9000000e+02   4.0161316e+02
   4.9100000e+02   3.9342573e+02
   4.9200000e+02   3.8574450e+02
   4.9300000e+02   3.7937096e+02
   4.9400000e+02   3.7481795e+02
   4.9500000e+02   3.7231923e+02
   4.9600000e+02   3.7225315e+02
   4.9700000e+02   3.7449000e+02
   4.9800000e+02   3.7885293e+02
   4.9900000e+02   3.8499780e+02
   5.0000000e+02   3.9242873e+02
   5.0100000e+02   4.0038875e+02
   5.0200000e+02   4.0831897e+02
   5.0300000e+02   4.1545121e+02
   5.0400000e+02   4.2110726e+02
   5.0500000e+02   4.2490833e+02
   5.0600000e+02   4.2650848e+02
   5.0700000e+02   4.2577623e+02
   5.0800000e+02   4.2296938e+02
   5.0900000e+02   4.1844028e+02
   5.1000000e+02   4.1257033e+02
   5.1100000e+02   4.0618809e+02
   5.1200000e+02   3.9973540e+02
   5.1300000e+02   3.9385896e+02
   5.1400000e+02   3.8904882e+02
   5.1500000e+02   3.8566349e+02
   5.1600000e+02   3.8376234e+02
   5.1700000e+02   3.8356427e+02
   5.1800000e+02   3.8479267e+02
   5.1900000e+02   3.8722201e+02
   5.2000000e+02   3.9061359e+02
   5.2100000e+02   3.9447710e+02
   5.2200000e+02   3.9842897e+02
   5.2300000e+02   4.0221974e+02
   5.2400000e+02   4.0543162e+02
   5.2500000e+02   4.0791561e+02
   5.2600000e+02   4.0962837e+02
   5.2700000e+02   4.1048070e+02
   5.2800000e+02   4.1055126e+02
   5.2900000e+02   4.1005509e+02
   5.3000000e+02   4.0900391e+02
   5.3100000e+02   4.0764211e+02
   5.3200000e+02   4.0608323e+02
   5.3300000e+02   4.0440915e+02
   5.3400000e+02   4.0262754e+02
   5.3500000e+02   4.0093363e+02
   5.3600000e+02   3.9909733e+02
   5.3700000e+02   3.9726993e+02
   5.3800000e+02   3.9541658e+02
   5.3900000e+02   3.9348056e+02
   5.4000000e+02   3.9155529e+02
   5.4100000e+02   3.8976816e+02
   5.4200000e+02   3.8810876e+02
   5.4300000e+02   3.8686480e+02
   5.4400000e+02   3.8615583e+02
   5.4500000e+02   3.8612921e+02
   5.4600000e+02   3.8698076e+02
   5.4700000e+02   3.8884201e+02
   5.4800000e+02   3.9166045e+02
   5.4900000e+02   3.9547345e+02
   5.5000000e+02   4.0011007e+02
   5.5100000e+02   4.0523730e+02
   5.5200000e+02   4.1059317e+02
   5.5300000e+02   4.1568721e+02
   5.5400000e+02   4.2002880e+02
   5.5500000e+02   4.2320968e+02
   5.5600000e+02   4.2483448e+02
   5.5700000e+02   4.2456655e+02
   5.5800000e+02   4.2241665e+02
   5.5900000e+02   4.1836813e+02
   5.6000000e+02   4.1276427e+02
   5.6100000e+02   4.0596671e+02
   5.6200000e+02   3.9863133e+02
   5.6300000e+02   3.9122078e+02
   5.6400000e+02   3.8451095e+02
   5.6500000e+02   3.7894897e+02
   5.6600000e+02   3.7506226e+02
   5.6700000e+02   3.7317108e+02
   5.6800000e+02   3.7350534e+02
   5.6900000e+02   3.7602557e+02
   5.7000000e+02   3.8067937e+02
   5.7100000e+02   3.8709789e+02
   5.7200000e+02   3.9486987e+02
   5.7300000e+02   4.0338595e+02
   5.7400000e+02   4.1199739e+02
   5.7500000e+02   4.1993702e+02
   5.7600000e+02   4.2653508e+02
   5.7700000e+02   4.3115924e+02
   5.7800000e+02   4.3330489e+02
   5.7900000e+02   4.3273573e+02
   5.8000000e+02   4.2945513e+02
   5.8100000e+02   4.2357599e+02
   5.8200000e+02   4.1574909e+02
   5.8300000e+02   4.0642406e+02
   5.8400000e+02   3.9654343e+02
   5.8500000e+02   3.8685824e+02
   5.8600000e+02   3.7822548e+02
   5.8700000e+02   3.7132092e+02
   5.8800000e+02   3.6683405e+02
   5.8900000e+02   3.6506800e+02
   5.9000000e+02   3.6632507e+02
   5.9100000e+02   3.7053677e+02
   5.9200000e+02   3.7747308e+02
   5.9300000e+02   3.8665785e+02
   5.9400000e+02   3.9737212e+02
   5.9500000e+02   4.0877083e+02
   5.9600000e+02   4.1980114e+02
   5.9700000e+02   4.2952182e+02
   5.9800000e+02   4.3689482e+02
   5.9900000e+02   4.4131345e+02
   6.0000000e+02   4.4218931e+02
   6.0100000e+02   4.3960507e+02
   6.0200000e+02   4.3370267e+02
   6.0300000e+02   4.2519506e+02
   6.0400000e+02   4.1490083e+02
   6.0500000e+02   4.0382596e+02
   6.0600000e+02   3.9297373e+02
   6.0700000e+02   3.8330695e+02
   6.0800000e+02   3.7552899e+02
   6.0900000e+02   3.7025895e+02
   6.1000000e+02   3.6778818e+02
   6.1100000e+02   3.6816091e+02
   6.1200000e+02   3.7127131e+02
   6.1300000e+02   3.7673372e+02
   6.1400000e+02   3.8397432e+02
   6.1500000e+02   3.9237194e+02
   6.1600000e+02   4.0113277e+02
   6.1700000e+02   4.0948651e+02
   6.1800000e+02   4.1671641e+02
   6.1900000e+02   4.2230565e+02
   6.2000000e+02   4.2569878e+02
   6.2100000e+02   4.2688846e+02
   6.2200000e+02   4.2578145e+02
   6.2300000e+02   4.2268452e+02
   6.2400000e+02   4.1799246e+02
   6.2500000e+02   4.1226272e+02
   6.2600000e+02   4.0600784e+02
   6.2700000e+02   3.9986668e+02
   6.2800000e+02   3.9427243e+02
   6.2900000e+02   3.8964221e+02
   6.3000000e+02   3.8625127e+02
   6.3100000e+02   3.8423049e+02
   6.3200000e+02   3.8354235e+02
   6.3300000e+02   3.8413557e+02
   6.3400000e+02   3.8577845e+02
   6.3500000e+02   3.8817839e+02
   6.3600000e+02   3.9111931e+02
   6.3700000e+02   3.9426920e+02
   6.3800000e+02   3.9737079e+02
   6.3900000e+02   4.0031752e+02
   6.4000000e+02   4.0291227e+02
   6.4100000e+02   4.0512475e+02
   6.4200000e+02   4.0699264e+02
   6.4300000e+02   4.0851771e+02
   6.4400000e+02   4.0971751e+02
   6.4500000e+02   4.1069404e+02
   6.4600000e+02   4.1139649e+02
   6.4700000e+02   4.1174536e+02
   6.4800000e+02   4.1180227e+02
   6.4900000e+02   4.1131393e+02
   6.5000000e+02   4.1025538e+02
   6.5100000e+02   4.0857346e+02
   6.5200000e+02   4.0615626e+02
   6.5300000e+02   4.0304181e+02
   6.5400000e+02   3.9941601e+02
   6.5500000e+02   3.9534138e+02
   6.5600000e+02   3.9114722e+02
   6.5700000e+02   3.8717439e+02
   6.5800000e+02   3.8368439e+02
   6.5900000e+02   3.8108275e+02
   6.6000000e+02   3.7968965e+02
   6.6100000e+02   3.7969525e+02
   6.6200000e+02   3.8123888e+02
   6.6300000e+02   3.8445697e+02
   6.6400000e+02   3.8905926e+02
   6.6500000e+02   3.9491810e+02
   6.6600000e+02   4.0165545e+02
   6.6700000e+02   4.0861840e+02
   6.6800000e+02   4.1538268e+02
   6.6900000e+02   4.2127391e+02
   6.7000000e+02   4.2564785e+02
   6.7100000e+02   4.2809519e+02
   6.7200000e+02   4.2834286e+02
   6.7300000e+02   4.2610798e+02
   6.7400000e+02   4.2172112e+02
   6.7500000e+02   4.1543221e+02
   6.7600000e+02   4.0777588e+02
   6.7700000e+02   3.9947194e+02
   6.7800000e+02   3.9130707e+02
   6.7900000e+02   3.8385922e+02
   6.8000000e+02   3.7797705e+02
   6.8100000e+02   3.7406362e+02
   6.8200000e+02   3.7244773e+02
   6.8300000e+02   3.7339996e+02
   6.8400000e+02   3.7677489e+02
   6.8500000e+02   3.8233202e+02
   6.8600000e+02   3.8967236e+02
   6.8700000e+02   3.9816059e+02
   6.8800000e+02   4.0700489e+02
   6.8900000e+02   4.1552222e+02
   6.9000000e+02   4.2288216e+02
   6.9100000e+02   4.2831762e+02
   6.9200000e+02   4.3146400e+02
   6.9300000e+02   4.3191015e+02
   6.9400000e+02   4.2959114e+02
   6.9500000e+02   4.2483861e+02
   6.9600000e+02   4.1803942e+02
   6.9700000e+02   4.0971958e+02
   6.9800000e+02   4.0084927e+02
   6.9900000e+02   3.9195992e+02
   7.0000000e+02   3.8389699e+02
   7.0100000e+02   3.7733122e+02
   7.0200000e+02   3.7268753e+02
   7.0300000e+02   3.7030027e+02
   7.0400000e+02   3.7044307e+02
   7.0500000e+02   3.7296103e+02
   7.0600000e+02   3.7767149e+02
   7.0700000e+02   3.8430054e+02
   7.0800000e+02   3.9215041e+02
   7.0900000e+02   4.0062702e+02
   7.1000000e+02   4.0909575e+02
   7.1100000e+02   4.1662279e+02
   7.1200000e+02   4.2264729e+02
   7.1300000e+02   4.2667316e+02
   7.1400000e+02   4.2819016e+02
   7.1500000e+02   4.2724395e+02
   7.1600000e+02   4.2399927e+02
   7.1700000e+02   4.1873257e+02
   7.1800000e+02   4.1214940e+02
   7.1900000e+02   4.0496970e+02
   7.2000000e+02   3.9779409e+02
   7.2100000e+02   3.9145451e+02
   7.2200000e+02   3.8649214e+02
   7.2300000e+02   3.8324039e+02
   7.2400000e+02   3.8196841e+02
   7.2500000e+02   3.8274815e+02
   7.2600000e+02   3.8518959e+02
   7.2700000e+02   3.8915333e+02
   7.2800000e+02   3.9400649e+02
   7.2900000e+02   3.9919695e+02
   7.3000000e+02   4.0416407e+02
   7.3100000e+02   4.0841186e+02
   7.3200000e+02   4.1137468e+02
   7.3300000e+02   4.1295428e+02
   7.3400000e+02   4.1297890e+02
   7.3500000e+02   4.1151422e+02
   7.3600000e+02   4.0889408e+02
   7.3700000e+02   4.0549437e+02
   7.3800000e+02   4.0164096e+02
   7.3900000e+02   3.9795179e+02
   7.4000000e+02   3.9475853e+02
   7.4100000e+02   3.9232362e+02
   7.4200000e+02   3.9099889e+02
   7.4300000e+02   3.9079603e+02
   7.4400000e+02   3.9157537e+02
   7.4500000e+02   3.9337455e+02
   7.4600000e+02   3.9570174e+02
   7.4700000e+02   3.9832096e+02
   7.4800000e+02   4.0085118e+02
   7.4900000e+02   4.0294778e+02
   7.5000000e+02   4.0420322e+02
   7.5100000e+02   4.0466505e+02
   7.5200000e+02   4.0404330e+02
   7.5300000e+02   4.0254105e+02
   7.5400000e+02   4.0040756e+02
   7.5500000e+02   3.9787798e+02
   7.5600000e+02   3.9535278e+02
   7.5700000e+02   3.9329438e+02
   7.5800000e+02   3.9196056e+02
   7.5900000e+02   3.9161761e+02
   7.6000000e+02   3.9253575e+02
   7.6100000e+02   3.9451916e+02
   7.6200000e+02   3.9756810e+02
   7.6300000e+02   4.0132715e+02
   7.6400000e+02   4.0542516e+02
   7.6500000e+02   4.0930157e+02
   7.6600000e+02   4.1266433e+02
   7.6700000e+02   4.1484439e+02
   7.6800000e+02   4.1568160e+02
   7.6900000e+02   4.1500694e+02
   7.7000000e+02   4.1273296e+02
   7.7100000e+02   4.0914911e+02
   7.7200000e+02   4.0464417e+02
   7.7300000e+02   3.9956339e+02
   7.7400000e+02   3.9455521e+02
   7.7500000e+02   3.9011138e+02
   7.7600000e+02   3.8662108e+02
   7.7700000e+02   3.8448834e+02
   7.7800000e+02   3.8393349e+02
   7.7900000e+02   3.8489532e+02
   7.8000000e+02   3.8739967e+02
   7.8100000e+02   3.9109406e+02
   7.8200000e+02   3.9563190e+02
   7.8300000e+02   4.0051335e+02
   7.8400000e+02   4.0533603e+02
   7.8500000e+02   4.0942963e+02
   7.8600000e+02   4.1257122e+02
   7.8700000e+02   4.1429319e+02
   7.8800000e+02   4.1449664e+02
   7.8900000e+02   4.1317141e+02
   7.9000000e+02   4.1051867e+02
   7.9100000e+02   4.0675758e+02
   7.9200000e+02   4.0240087e+02
   7.9300000e+02   3.9786821e+02
   7.9400000e+02   3.9361263e+02
   7.9500000e+02   3.9012442e+02
   7.9600000e+02   3.8773483e+02
   7.9700000e+02   3.8661558e+02
   7.9800000e+02   3.8695914e+02
   7.9900000e+02   3.8865500e+02
   8.0000000e+02   3.9148957e+02
   8.0100000e+02   3.9524110e+02
   8.0200000e+02   3.9941353e+02
   8.0300000e+02   4.0356904e+02
   8.0400000e+02   4.0729826e+02
   8.0500000e+02   4.1012977e+02
   8.0600000e+02   4.1178510e+02
   8.0700000e+02   4.1212607e+02
   8.0800000e+02   4.1110280e+02
   8.0900000e+02   4.0889441e+02
   8.1000000e+02   4.0580499e+02
   8.1100000e+02   4.0222667e+02
   8.1200000e+02   3.9852411e+02
   8.1300000e+02   3.9525776e+02
   8.1400000e+02   3.9265474e+02
   8.1500000e+02   3.9110540e+02
   8.1600000e+02   3.9071350e+02
   8.1700000e+02   3.9153354e+02
   8.1800000e+02   3.9343216e+02
   8.1900000e+02   3.9624259e+02
   8.2000000e+02   3.9955716e+02
   8.2100000e+02   4.0306520e+02
   8.2200000e+02   4.0629008e+02
   8.2300000e+02   4.0886330e+02
   8.2400000e+02   4.1042107e+02
   8.2500000e+02   4.1074774e+02
   8.2600000e+02   4.0974734e+02
   8.2700000e+02   4.0742861e+02
   8.2800000e+02   4.0404640e+02
   8.2900000e+02   3.9988976e+02
   8.3000000e+02   3.9538592e+02
   8.3100000e+02   3.9106214e+02
   8.3200000e+02   3.8733559e+02
   8.3300000e+02   3.8471771e+02
   8.3400000e+02   3.8350287e+02
   8.3500000e+02   3.8399745e+02
   8.3600000e+02   3.8617121e+02
   8.3700000e+02   3.9004604e+02
   8.3800000e+02   3.9525314e+02
   8.3900000e+02   4.0141351e+02
   8.4000000e+02   4.0793870e+02
   8.4100000e+02   4.1419951e+02
   8.4200000e+02   4.1946321e+02
   8.4300000e+02   4.2320448e+02
   8.4400000e+02   4.2485640e+02
   8.4500000e+02   4.2419447e+02
   8.4600000e+02   4.2118788e+02
   8.4700000e+02   4.1603073e+02
   8.4800000e+02   4.0925988e+02
   8.4900000e+02   4.0144138e+02
   8.5000000e+02   3.9343581e+02
   8.5100000e+02   3.8593307e+02
   8.5200000e+02   3.7972445e+02
   8.5300000e+02   3.7539844e+02
   8.5400000e+02   3.7336125e+02
   8.5500000e+02   3.7387421e+02
   8.5600000e+02   3.7694747e+02
   8.5700000e+02   3.8230472e+02
   8.5800000e+02   3.8956366e+02
   8.5900000e+02   3.9808495e+02
   8.6000000e+02   4.0703448e+02
   8.6100000e+02   4.1566031e+02
   8.6200000e+02   4.2302108e+02
   8.6300000e+02   4.2839173e+02
   8.6400000e+02   4.3123160e+02
   8.6500000e+02   4.3121918e+02
   8.6600000e+02   4.2829660e+02
   8.6700000e+02   4.2282927e+02
   8.6800000e+02   4.1531388e+02
   8.6900000e+02   4.0646156e+02
   8.7000000e+02   3.9723115e+02
   8.7100000e+02   3.8835743e+02
   8.7200000e+02   3.8071056e+02
   8.7300000e+02   3.7494313e+02
   8.7400000e+02   3.7149392e+02
   8.7500000e+02   3.7064909e+02
   8.7600000e+02   3.7248435e+02
   8.7700000e+02   3.7676028e+02
   8.7800000e+02   3.8310591e+02
   8.7900000e+02   3.9098710e+02
   8.8000000e+02   3.9962290e+02
   8.8100000e+02   4.0824497e+02
   8.8200000e+02   4.1608841e+02
   8.8300000e+02   4.2236017e+02
   8.8400000e+02   4.2653702e+02
   8.8500000e+02   4.2835281e+02
   8.8600000e+02   4.2765777e+02
   8.8700000e+02   4.2468992e+02
   8.8800000e+02   4.1994503e+02
   8.8900000e+02   4.1387400e+02
   8.9000000e+02   4.0727602e+02
   8.9100000e+02   4.0074339e+02
   8.9200000e+02   3.9487984e+02
   8.9300000e+02   3.9007819e+02
   8.9400000e+02   3.8675248e+02
   8.9500000e+02   3.8485026e+02
   8.9600000e+02   3.8444762e+02
   8.9700000e+02   3.8535030e+02
   8.9800000e+02   3.8719828e+02
   8.9900000e+02   3.8972152e+02
   9.0000000e+02   3.9259331e+02
   9.0100000e+02   3.9538131e+02
   9.0200000e+02   3.9793167e+02
   9.0300000e+02   4.0006581e+02
   9.0400000e+02   4.0158681e+02
   9.0500000e+02   4.0265640e+02
   9.0600000e+02   4.0331593e+02
   9.0700000e+02   4.0361605e+02
   9.0800000e+02   4.0383342e+02
   9.0900000e+02   4.0405172e+02
   9.1000000e+02   4.0434141e+02
   9.1100000e+02   4.0479254e+02
   9.1200000e+02   4.0541974e+02
   9.1300000e+02   4.0595743e+02
   9.1400000e+02   4.0649813e+02
   9.1500000e+02   4.0666928e+02
   9.1600000e+02   4.0634180e+02
   9.1700000e+02   4.0539247e+02
   9.1800000e+02   4.0370241e+02
   9.1900000e+02   4.0119026e+02
   9.2000000e+02   3.9809995e+02
   9.2100000e+02   3.9455214e+02
   9.2200000e+02   3.9081437e+02
   9.2300000e+02   3.8741782e+02
   9.2400000e+02   3.8462275e+02
   9.2500000e+02   3.8287532e+02
   9.2600000e+02   3.8256151e+02
   9.2700000e+02   3.8387619e+02
   9.2800000e+02   3.8681709e+02
   9.2900000e+02   3.9155104e+02
   9.3000000e+02   3.9755812e+02
   9.3100000e+02   4.0458502e+02
   9.3200000e+02   4.1205601e+02
   9.3300000e+02   4.1921907e+02
   9.3400000e+02   4.2539904e+02
   9.3500000e+02   4.3000812e+02
   9.3600000e+02   4.3234473e+02
   9.3700000e+02   4.3211917e+02
   9.3800000e+02   4.2925617e+02
   9.3900000e+02   4.2378639e+02
   9.4000000e+02   4.1615537e+02
   9.4100000e+02   4.0705872e+02
   9.4200000e+02   3.9709973e+02
   9.4300000e+02   3.8723322e+02
   9.4400000e+02   3.7827275e+02
   9.4500000e+02   3.7092721e+02
   9.4600000e+02   3.6582105e+02
   9.4700000e+02   3.6351661e+02
   9.4800000e+02   3.6407943e+02
   9.4900000e+02   3.6772399e+02
   9.5000000e+02   3.7419854e+02
   9.5100000e+02   3.8310933e+02
   9.5200000e+02   3.9380940e+02
   9.5300000e+02   4.0562280e+02
   9.5400000e+02   4.1738166e+02
   9.5500000e+02   4.2823883e+02
   9.5600000e+02   4.3718641e+02
   9.5700000e+02   4.4318457e+02
   9.5800000e+02   4.4575882e+02
   9.5900000e+02   4.4458452e+02
   9.6000000e+02   4.3952277e+02
   9.6100000e+02   4.3123092e+02
   9.6200000e+02   4.2034066e+02
   9.6300000e+02   4.0777392e+02
   9.6400000e+02   3.9481613e+02
   9.6500000e+02   3.8252677e+02
   9.6600000e+02   3.7192026e+02
   9.6700000e+02   3.6402534e+02
   9.6800000e+02   3.5942867e+02
   9.6900000e+02   3.5848502e+02
   9.7000000e+02   3.6145530e+02
   9.7100000e+02   3.6807041e+02
   9.7200000e+02   3.7781129e+02
   9.7300000e+02   3.9004644e+02
   9.7400000e+02   4.0363267e+02
   9.7500000e+02   4.1731655e+02
   9.7600000e+02   4.3002218e+02
   9.7700000e+02   4.4025219e+02
   9.7800000e+02   4.4715902e+02
   9.7900000e+02   4.5002559e+02
   9.8000000e+02   4.4861982e+02
   9.8100000e+02   4.4309115e+02
   9.8200000e+02   4.3427392e+02
   9.8300000e+02   4.2290121e+02
   9.8400000e+02   4.1025443e+02
   9.8500000e+02   3.9748701e+02
   9.8600000e+02   3.8568993e+02
   9.8700000e+02   3.7572829e+02
   9.8800000e+02   3.6840342e+02
   9.8900000e+02   3.6401307e+02
   9.9000000e+02   3.6276158e+02
   9.9100000e+02   3.6463525e+02
   9.9200000e+02   3.6922622e+02
   9.9300000e+02   3.7608152e+02
   9.9400000e+02   3.8459090e+02
   9.9500000e+02   3.9389938e+02
   9.9600000e+02   4.0326380e+02
   9.9700000e+02   4.1191470e+02
   9.9800000e+02   4.1914133e+02
   9.9900000e+02   4.2434140e+02
   1.0000000e+03   4.2742668e+02
