  -0.0000000e+00  -2.0586836e+02
   1.0000000e+00  -2.0659582e+02
   2.0000000e+00  -2.0798439e+02
   3.0000000e+00  -2.0995110e+02
   4.0000000e+00  -2.1239501e+02
   5.0000000e+00  -2.1525044e+02
   6.0000000e+00  -2.1823397e+02
   7.0000000e+00  -2.2115409e+02
   8.0000000e+00  -2.2381791e+02
   9.0000000e+00  -2.2593532e+02
   1.0000000e+01  -2.2731988e+02
   1.1000000e+01  -2.2791859e+02
   1.2000000e+01  -2.2752815e+02
   1.3000000e+01  -2.2624295e+02
   1.4000000e+01  -2.2413193e+02
   1.5000000e+01  -2.2129755e+02
   1.6000000e+01  -2.1795825e+02
   1.7000000e+01  -2.1437098e+02
   1.8000000e+01  -2.1071328e+02
   1.9000000e+01  -2.0724230e+02
   2.0000000e+01  -2.0419173e+02
   2.1000000e+01  -2.0164283e+02
   2.2000000e+01  -1.9976691e+02
   2.3000000e+01  -1.9861412e+02
   2.4000000e+01  -1.9815686e+02
   2.5000000e+01  -1.9835920e+02
   2.6000000e+01  -1.9919435e+02
   2.7000000e+01  -2.0043128e+02
   2.8000000e+01  -2.0205177e+02
   2.9000000e+01  -2.0385450e+02
   3.0000000e+01  -2.0570347e+02
   3.1000000e+01  -2.0749927e+02
   3.2000000e+01  -2.0916828e+02
   3.3000000e+01  -2.1057634e+02
   3.4000000e+01  -2.1176077e+02
   3.5000000e+01  -2.1269153e+02
   3.6000000e+01  -2.1334650e+02
   3.7000000e+01  -2.1380148e+02
   3.8000000e+01  -2.1409851e+02
   3.9000000e+01  -2.1421604e+02
   4.0000000e+01  -2.1428384e+02
   4.1000000e+01  -2.1429123e+02
   4.2000000e+01  -2.1426194e+02
   4.3000000e+01  -2.1426418e+02
   4.4000000e+01  -2.1431422e+02
   4.5000000e+01  -2.1437694e+02
   4.6000000e+01  -2.1456851e+02
   4.7000000e+01  -2.1481926e+02
   4.8000000e+01  -2.1517325e+02
   4.9000000e+01  -2.1564033e+02
   5.0000000e+01  -2.1623714e+02
   5.1000000e+01  -2.1687254e+02
   5.2000000e+01  -2.1764523e+02
   5.3000000e+01  -2.1841698e+02
   5.4000000e+01  -2.1915729e+02
   5.5000000e+01  -2.1983598e+02
   5.6000000e+01  -2.2032822e+02
   5.7000000e+01  -2.2053497e+02
   5.8000000e+01  -2.2043885e+02
   5.9000000e+01  -2.1988456e+02
   6.0000000e+01  -2.1884827e+02
   6.1000000e+01  -2.1733813e+02
   6.2000000e+01  -2.1529965e+02
   6.3000000e+01  -2.1282744e+02
   6.4000000e+01  -2.1001906e+02
   6.5000000e+01  -2.0699113e+02
   6.6000000e+01  -2.0388997e+02
   6.7000000e+01  -2.0096141e+02
   6.8000000e+01  -1.9831452e+02
   6.9000000e+01  -1.9618138e+02
   7.0000000e+01  -1.9471552e+02
   7.1000000e+01  -1.9402318e+02
   7.2000000e+01  -1.9419108e+02
   7.3000000e+01  -1.9529350e+02
   7.4000000e+01  -1.9724086e+02
   7.5000000e+01  -2.0002313e+02
   7.6000000e+01  -2.0346851e+02
   7.7000000e+01  -2.0741479e+02
   7.8000000e+01  -2.1161463e+02
   7.9000000e+01  -2.1584862e+02
   8.0000000e+01  -2.1979606e+02
   8.1000000e+01  -2.2323834e+02
   8.2000000e+01  -2.2592050e+02
   8.3000000e+01  -2.2765616e+02
   8.4000000e+01  -2.2833010e+02
   8.5000000e+01  -2.2793732e+02
   8.6000000e+01  -2.2647771e+02
   8.7000000e+01  -2.2413988e+02
   8.8000000e+01  -2.2111100e+02
   8.9000000e+01  -2.1765065e+02
   9.0000000e+01  -2.1405877e+02
   9.1000000e+01  -2.1065405e+02
   9.2000000e+01  -2.0767920e+02
   9.3000000e+01  -2.0542304e+02
   9.4000000e+01  -2.0405150e+02
   9.5000000e+01  -2.0369197e+02
   9.6000000e+01  -2.0437165e+02
   9.7000000e+01  -2.0609098e+02
   9.8000000e+01  -2.0864703e+02
   9.9000000e+01  -2.1190153e+02
   1.0000000e+02  -2.1551765e+02
   1.0100000e+02  -2.1915138e+02
   1.0200000e+02  -2.2245055e+02
   1.0300000e+02  -2.2502136e+02
   1.0400000e+02  -2.2651941e+02
   1.0500000e+02  -2.2673464e+02
   1.0600000e+02  -2.2550410e+02
   1.0700000e+02  -2.2284269e+02
   1.0800000e+02  -2.1893752e+02
   1.0900000e+02  -2.1403836e+02
   1.1000000e+02  -2.0857675e+02
   1.1100000e+02  -2.0299047e+02
   1.1200000e+02  -1.9776568e+02
   1.1300000e+02  -1.9331734e+02
   1.1400000e+02  -1.9005711e+02
   1.1500000e+02  -1.8822295e+02
   1.1600000e+02  -1.8801622e+02
   1.1700000e+02  -1.8946567e+02
   1.1800000e+02  -1.9251199e+02
   1.1900000e+02  -1.9697174e+02
   1.2000000e+02  -2.0253579e+02
   1.2100000e+02  -2.0884100e+02
   1.2200000e+02  -2.1542961e+02
   1.2300000e+02  -2.2181658e+02
   1.2400000e+02  -2.2755740e+02
   1.2500000e+02  -2.3222544e+02
   1.2600000e+02  -2.3549768e+02
   1.2700000e+02  -2.3721209e+02
   1.2800000e+02  -2.3727880e+02
   1.2900000e+02  -2.3579219e+02
   1.3000000e+02  -2.3297061e+02
   1.3100000e+02  -2.2907770e+02
   1.3200000e+02  -2.2449151e+02
   1.3300000e+02  -2.1956928e+02
   1.3400000e+02  -2.1467900e+02
   1.3500000e+02  -2.1012207e+02
   1.3600000e+02  -2.0619665e+02
   1.3700000e+02  -2.0304695e+02
   1.3800000e+02  -2.0082274e+02
   1.3900000e+02  -1.9956591e+02
   1.4000000e+02  -1.9923281e+02
   1.4100000e+02  -1.9976381e+02
   1.4200000e+02  -2.0102902e+02
   1.4300000e+02  -2.0283407e+02
   1.4400000e+02  -2.0502919e+02
   1.4500000e+02  -2.0739438e+02
   1.4600000e+02  -2.0973740e+02
   1.4700000e+02  -2.1189049e+02
   1.4800000e+02  -2.1372227e+02
   1.4900000e+02  -2.1509061e+02
   1.5000000e+02  -2.1595777e+02
   1.5100000e+02  -2.1628549e+02
   1.5200000e+02  -2.1607170e+02
   1.5300000e+02  -2.1536440e+02
   1.5400000e+02  -2.1425401e+02
   1.5500000e+02  -2.1278130e+02
   1.5600000e+02  -2.1111152e+02
   1.5700000e+02  -2.0933141e+02
   1.5800000e+02  -2.0756742e+02
   1.5900000e+02  -2.0596328e+02
   1.6000000e+02  -2.0464557e+02
   1.6100000e+02  -2.0371410e+02
   1.6200000e+02  -2.0329873e+02
   1.6300000e+02  -2.0348188e+02
   1.6400000e+02  -2.0429854e+02
   1.6500000e+02  -2.0580390e+02
   1.6600000e+02  -2.0798028e+02
   1.6700000e+02  -2.1071912e+02
   1.6800000e+02  -2.1397645e+02
   1.6900000e+02  -2.1754365e+02
   1.7000000e+02  -2.2121143e+02
   1.7100000e+02  -2.2476091e+02
   1.7200000e+02  -2.2792399e+02
   1.7300000e+02  -2.3038378e+02
   1.7400000e+02  -2.3198331e+02
   1.7500000e+02  -2.3245359e+02
   1.7600000e+02  -2.3169563e+02
   1.7700000e+02  -2.2969309e+02
   1.7800000e+02  -2.2650630e+02
   1.7900000e+02  -2.2225919e+02
   1.8000000e+02  -2.1728092e+02
   1.8100000e+02  -2.1184187e+02
   1.8200000e+02  -2.0627987e+02
   1.8300000e+02  -2.0105512e+02
   1.8400000e+02  -1.9641886e+02
   1.8500000e+02  -1.9273597e+02
   1.8600000e+02  -1.9025797e+02
   1.8700000e+02  -1.8912737e+02
   1.8800000e+02  -1.8941112e+02
   1.8900000e+02  -1.9117493e+02
   1.9000000e+02  -1.9420343e+02
   1.9100000e+02  -1.9836766e+02
   1.9200000e+02  -2.0336350e+02
   1.9300000e+02  -2.0880009e+02
   1.9400000e+02  -2.1426531e+02
   1.9500000e+02  -2.1937718e+02
   1.9600000e+02  -2.2363407e+02
   1.9700000e+02  -2.2675003e+02
   1.9800000e+02  -2.2849542e+02
   1.9900000e+02  -2.2868470e+02
   2.0000000e+02  -2.2740371e+02
   2.0100000e+02  -2.2483856e+02
   2.0200000e+02  -2.2120270e+02
   2.0300000e+02  -2.1695121e+02
   2.0400000e+02  -2.1246552e+02
   2.0500000e+02  -2.0817584e+02
   2.0600000e+02  -2.0446918e+02
   2.0700000e+02  -2.0173645e+02
   2.0800000e+02  -2.0014118e+02
   2.0900000e+02  -1.9992968e+02
   2.1000000e+02  -2.0113104e+02
   2.1100000e+02  -2.0368859e+02
   2.1200000e+02  -2.0746015e+02
   2.1300000e+02  -2.1224393e+02
   2.1400000e+02  -2.1758538e+02
   2.1500000e+02  -2.2317806e+02
   2.1600000e+02  -2.2849635e+02
   2.1700000e+02  -2.3302890e+02
   2.1800000e+02  -2.3638369e+02
   2.1900000e+02  -2.3817461e+02
   2.2000000e+02  -2.3808948e+02
   2.2100000e+02  -2.3612614e+02
   2.2200000e+02  -2.3233481e+02
   2.2300000e+02  -2.2691302e+02
   2.2400000e+02  -2.2035091e+02
   2.2500000e+02  -2.1310142e+02
   2.2600000e+02  -2.0568293e+02
   2.2700000e+02  -1.9872986e+02
   2.2800000e+02  -1.9269096e+02
   2.2900000e+02  -1.8794063e+02
   2.3000000e+02  -1.8488289e+02
   2.3100000e+02  -1.8359503e+02
   2.3200000e+02  -1.8414208e+02
   2.3300000e+02  -1.8648403e+02
   2.3400000e+02  -1.9036053e+02
   2.3500000e+02  -1.9544138e+02
   2.3600000e+02  -2.0140857e+02
   2.3700000e+02  -2.0768899e+02
   2.3800000e+02  -2.1385221e+02
   2.3900000e+02  -2.1946214e+02
   2.4000000e+02  -2.2409493e+02
   2.4100000e+02  -2.2744923e+02
   2.4200000e+02  -2.2948435e+02
   2.4300000e+02  -2.3005353e+02
   2.4400000e+02  -2.2936066e+02
   2.4500000e+02  -2.2762218e+02
   2.4600000e+02  -2.2507087e+02
   2.4700000e+02  -2.2205669e+02
   2.4800000e+02  -2.1892458e+02
   2.4900000e+02  -2.1588423e+02
   2.5000000e+02  -2.1321601e+02
   2.5100000e+02  -2.1109486e+02
   2.5200000e+02  -2.0958134e+02
   2.5300000e+02  -2.0871574e+02
   2.5400000e+02  -2.0852883e+02
   2.5500000e+02  -2.0885218e+02
   2.5600000e+02  -2.0964914e+02
   2.5700000e+02  -2.1077594e+02
   2.5800000e+02  -2.1205535e+02
   2.5900000e+02  -2.1336859e+02
   2.6000000e+02  -2.1464835e+02
   2.6100000e+02  -2.1567308e+02
   2.6200000e+02  -2.1648805e+02
   2.6300000e+02  -2.1699135e+02
   2.6400000e+02  -2.1713803e+02
   2.6500000e+02  -2.1696335e+02
   2.6600000e+02  -2.1647332e+02
   2.6700000e+02  -2.1562753e+02
   2.6800000e+02  -2.1450618e+02
   2.6900000e+02  -2.1313704e+02
   2.7000000e+02  -2.1147266e+02
   2.7100000e+02  -2.0965325e+02
   2.7200000e+02  -2.0768529e+02
   2.7300000e+02  -2.0562145e+02
   2.7400000e+02  -2.0360023e+02
   2.7500000e+02  -2.0172958e+02
   2.7600000e+02  -2.0006991e+02
   2.7700000e+02  -1.9885628e+02
   2.7800000e+02  -1.9814460e+02
   2.7900000e+02  -1.9805325e+02
   2.8000000e+02  -1.9871638e+02
   2.8100000e+02  -2.0014829e+02
   2.8200000e+02  -2.0233023e+02
   2.8300000e+02  -2.0526310e+02
   2.8400000e+02  -2.0879694e+02
   2.8500000e+02  -2.1272602e+02
   2.8600000e+02  -2.1690598e+02
   2.8700000e+02  -2.2099681e+02
   2.8800000e+02  -2.2471211e+02
   2.8900000e+02  -2.2784485e+02
   2.9000000e+02  -2.3004698e+02
   2.9100000e+02  -2.3117163e+02
   2.9200000e+02  -2.3112522e+02
   2.9300000e+02  -2.2984681e+02
   2.9400000e+02  -2.2743415e+02
   2.9500000e+02  -2.2410979e+02
   2.9600000e+02  -2.2006230e+02
   2.9700000e+02  -2.1565006e+02
   2.9800000e+02  -2.1120832e+02
   2.9900000e+02  -2.0704791e+02
   3.0000000e+02  -2.0346846e+02
   3.0100000e+02  -2.0075835e+02
   3.0200000e+02  -1.9904407e+02
   3.0300000e+02  -1.9844482e+02
   3.0400000e+02  -1.9899880e+02
   3.0500000e+02  -2.0057927e+02
   3.0600000e+02  -2.0305675e+02
   3.0700000e+02  -2.0619979e+02
   3.0800000e+02  -2.0966822e+02
   3.0900000e+02  -2.1315999e+02
   3.1000000e+02  -2.1631681e+02
   3.1100000e+02  -2.1880862e+02
   3.1200000e+02  -2.2036720e+02
   3.1300000e+02  -2.2086646e+02
   3.1400000e+02  -2.2018454e+02
   3.1500000e+02  -2.1843653e+02
   3.1600000e+02  -2.1579591e+02
   3.1700000e+02  -2.1250578e+02
   3.1800000e+02  -2.0892102e+02
   3.1900000e+02  -2.0542225e+02
   3.2000000e+02  -2.0229390e+02
   3.2100000e+02  -1.9990713e+02
   3.2200000e+02  -1.9848382e+02
   3.2300000e+02  -1.9815990e+02
   3.2400000e+02  -1.9904667e+02
   3.2500000e+02  -2.0110837e+02
   3.2600000e+02  -2.0421935e+02
   3.2700000e+02  -2.0820269e+02
   3.2800000e+02  -2.1278342e+02
   3.2900000e+02  -2.1760674e+02
   3.3000000e+02  -2.2233828e+02
   3.3100000e+02  -2.2661027e+02
   3.3200000e+02  -2.3003010e+02
   3.3300000e+02  -2.3239743e+02
   3.3400000e+02  -2.3343950e+02
   3.3500000e+02  -2.3310915e+02
   3.3600000e+02  -2.3143409e+02
   3.3700000e+02  -2.2854554e+02
   3.3800000e+02  -2.2466837e+02
   3.3900000e+02  -2.2016404e+02
   3.4000000e+02  -2.1532110e+02
   3.4100000e+02  -2.1054314e+02
   3.4200000e+02  -2.0614502e+02
   3.4300000e+02  -2.0241174e+02
   3.4400000e+02  -1.9955821e+02
   3.4500000e+02  -1.9770279e+02
   3.4600000e+02  -1.9691104e+02
   3.4700000e+02  -1.9709645e+02
   3.4800000e+02  -1.9817995e+02
   3.4900000e+02  -1.9991990e+02
   3.5000000e+02  -2.0212224e+02
   3.5100000e+02  -2.0448086e+02
   3.5200000e+02  -2.0678778e+02
   3.5300000e+02  -2.0876990e+02
   3.5400000e+02  -2.1030746e+02
   3.5500000e+02  -2.1128653e+02
   3.5600000e+02  -2.1171682e+02
   3.5700000e+02  -2.1165418e+02
   3.5800000e+02  -2.1126009e+02
   3.5900000e+02  -2.1067343e+02
   3.6000000e+02  -2.1011439e+02
   3.6100000e+02  -2.0974086e+02
   3.6200000e+02  -2.0969334e+02
   3.6300000e+02  -2.1006611e+02
   3.6400000e+02  -2.1089952e+02
   3.6500000e+02  -2.1214003e+02
   3.6600000e+02  -2.1372820e+02
   3.6700000e+02  -2.1550214e+02
   3.6800000e+02  -2.1733375e+02
   3.6900000e+02  -2.1899196e+02
   3.7000000e+02  -2.2038409e+02
   3.7100000e+02  -2.2129679e+02
   3.7200000e+02  -2.2170469e+02
   3.7300000e+02  -2.2153383e+02
   3.7400000e+02  -2.2083655e+02
   3.7500000e+02  -2.1967827e+02
   3.7600000e+02  -2.1821977e+02
   3.7700000e+02  -2.1657569e+02
   3.7800000e+02  -2.1495394e+02
   3.7900000e+02  -2.1348097e+02
   3.8000000e+02  -2.1229327e+02
   3.8100000e+02  -2.1145834e+02
   3.8200000e+02  -2.1102260e+02
   3.8300000e+02  -2.1092626e+02
   3.8400000e+02  -2.1110861e+02
   3.8500000e+02  -2.1145058e+02
   3.8600000e+02  -2.1177186e+02
   3.8700000e+02  -2.1194716e+02
   3.8800000e+02  -2.1182801e+02
   3.8900000e+02  -2.1129100e+02
   3.9000000e+02  -2.1031690e+02
   3.9100000e+02  -2.0891097e+02
   3.9200000e+02  -2.0713391e+02
   3.9300000e+02  -2.0516860e+02
   3.9400000e+02  -2.0316523e+02
   3.9500000e+02  -2.0134232e+02
   3.9600000e+02  -1.9989185e+02
   3.9700000e+02  -1.9902528e+02
   3.9800000e+02  -1.9880730e+02
   3.9900000e+02  -1.9939573e+02
   4.0000000e+02  -2.0073223e+02
   4.0100000e+02  -2.0277864e+02
   4.0200000e+02  -2.0540446e+02
   4.0300000e+02  -2.0844254e+02
   4.0400000e+02  -2.1161020e+02
   4.0500000e+02  -2.1476313e+02
   4.0600000e+02  -2.1759131e+02
   4.0700000e+02  -2.1992787e+02
   4.0800000e+02  -2.2163455e+02
   4.0900000e+02  -2.2262465e+02
   4.1000000e+02  -2.2286291e+02
   4.1100000e+02  -2.2246344e+02
   4.1200000e+02  -2.2150856e+02
   4.1300000e+02  -2.2014864e+02
   4.1400000e+02  -2.1862200e+02
   4.1500000e+02  -2.1706688e+02
   4.1600000e+02  -2.1563183e+02
   4.1700000e+02  -2.1452958e+02
   4.1800000e+02  -2.1373848e+02
   4.1900000e+02  -2.1335575e+02
   4.2000000e+02  -2.1334878e+02
   4.2100000e+02  -2.1363880e+02
   4.2200000e+02  -2.1409352e+02
   4.2300000e+02  -2.1464895e+02
   4.2400000e+02  -2.1506524e+02
   4.2500000e+02  -2.1526821e+02
   4.2600000e+02  -2.1512762e+02
   4.2700000e+02  -2.1455657e+02
   4.2800000e+02  -2.1352596e+02
   4.2900000e+02  -2.1211282e+02
   4.3000000e+02  -2.1034238e+02
   4.3100000e+02  -2.0837092e+02
   4.3200000e+02  -2.0640100e+02
   4.3300000e+02  -2.0452033e+02
   4.3400000e+02  -2.0297467e+02
   4.3500000e+02  -2.0188541e+02
   4.3600000e+02  -2.0133700e+02
   4.3700000e+02  -2.0139624e+02
   4.3800000e+02  -2.0210540e+02
   4.3900000e+02  -2.0332225e+02
   4.4000000e+02  -2.0501784e+02
   4.4100000e+02  -2.0702501e+02
   4.4200000e+02  -2.0913441e+02
   4.4300000e+02  -2.1120371e+02
   4.4400000e+02  -2.1307799e+02
   4.4500000e+02  -2.1453420e+02
   4.4600000e+02  -2.1555949e+02
   4.4700000e+02  -2.1608629e+02
   4.4800000e+02  -2.1606623e+02
   4.4900000e+02  -2.1565867e+02
   4.5000000e+02  -2.1493035e+02
   4.5100000e+02  -2.1399685e+02
   4.5200000e+02  -2.1309855e+02
   4.5300000e+02  -2.1233693e+02
   4.5400000e+02  -2.1185285e+02
   4.5500000e+02  -2.1179039e+02
   4.5600000e+02  -2.1219736e+02
   4.5700000e+02  -2.1302592e+02
   4.5800000e+02  -2.1431012e+02
   4.5900000e+02  -2.1587551e+02
   4.6000000e+02  -2.1755067e+02
   4.6100000e+02  -2.1918784e+02
   4.6200000e+02  -2.2052924e+02
   4.6300000e+02  -2.2132610e+02
   4.6400000e+02  -2.2148718e+02
   4.6500000e+02  -2.2079811e+02
   4.6600000e+02  -2.1922422e+02
   4.6700000e+02  -2.1686451e+02
   4.6800000e+02  -2.1378903e+02
   4.6900000e+02  -2.1022358e+02
   4.7000000e+02  -2.0650793e+02
   4.7100000e+02  -2.0289047e+02
   4.7200000e+02  -1.9970939e+02
   4.7300000e+02  -1.9729456e+02
   4.7400000e+02  -1.9584472e+02
   4.7500000e+02  -1.9550738e+02
   4.7600000e+02  -1.9643752e+02
   4.7700000e+02  -1.9850786e+02
   4.7800000e+02  -2.0164089e+02
   4.7900000e+02  -2.0563522e+02
   4.8000000e+02  -2.1011890e+02
   4.8100000e+02  -2.1475251e+02
   4.8200000e+02  -2.1917812e+02
   4.8300000e+02  -2.2291829e+02
   4.8400000e+02  -2.2569106e+02
   4.8500000e+02  -2.2728744e+02
   4.8600000e+02  -2.2748097e+02
   4.8700000e+02  -2.2636272e+02
   4.8800000e+02  -2.2408467e+02
   4.8900000e+02  -2.2083658e+02
   4.9000000e+02  -2.1703060e+02
   4.9100000e+02  -2.1306304e+02
   4.9200000e+02  -2.0924903e+02
   4.9300000e+02  -2.0602469e+02
   4.9400000e+02  -2.0367096e+02
   4.9500000e+02  -2.0231832e+02
   4.9600000e+02  -2.0217420e+02
   4.9700000e+02  -2.0316820e+02
   4.9800000e+02  -2.0520162e+02
   4.9900000e+02  -2.0808511e+02
   5.0000000e+02  -2.1154666e+02
   5.0100000e+02  -2.1517761e+02
   5.0200000e+02  -2.1867977e+02
   5.0300000e+02  -2.2165215e+02
   5.0400000e+02  -2.2374741e+02
   5.0500000e+02  -2.2479006e+02
   5.0600000e+02  -2.2462750e+02
   5.0700000e+02  -2.2322629e+02
   5.0800000e+02  -2.2076046e+02
   5.0900000e+02  -2.1745268e+02
   5.1000000e+02  -2.1353322e+02
   5.1100000e+02  -2.0945938e+02
   5.1200000e+02  -2.0547874e+02
   5.1300000e+02  -2.0193687e+02
   5.1400000e+02  -1.9909404e+02
   5.1500000e+02  -1.9713934e+02
   5.1600000e+02  -1.9610453e+02
   5.1700000e+02  -1.9610597e+02
   5.1800000e+02  -1.9700471e+02
   5.1900000e+02  -1.9868717e+02
   5.2000000e+02  -2.0103316e+02
   5.2100000e+02  -2.0378799e+02
   5.2200000e+02  -2.0674453e+02
   5.2300000e+02  -2.0976074e+02
   5.2400000e+02  -2.1259782e+02
   5.2500000e+02  -2.1514617e+02
   5.2600000e+02  -2.1735099e+02
   5.2700000e+02  -2.1912517e+02
   5.2800000e+02  -2.2046876e+02
   5.2900000e+02  -2.2145814e+02
   5.3000000e+02  -2.2206170e+02
   5.3100000e+02  -2.2237603e+02
   5.3200000e+02  -2.2243793e+02
   5.3300000e+02  -2.2226670e+02
   5.3400000e+02  -2.2184861e+02
   5.3500000e+02  -2.2128108e+02
   5.3600000e+02  -2.2042834e+02
   5.3700000e+02  -2.1937045e+02
   5.3800000e+02  -2.1809456e+02
   5.3900000e+02  -2.1657258e+02
   5.4000000e+02  -2.1486820e+02
   5.4100000e+02  -2.1306769e+02
   5.4200000e+02  -2.1118150e+02
   5.4300000e+02  -2.0938872e+02
   5.4400000e+02  -2.0777772e+02
   5.4500000e+02  -2.0644928e+02
   5.4600000e+02  -2.0553445e+02
   5.4700000e+02  -2.0512945e+02
   5.4800000e+02  -2.0522810e+02
   5.4900000e+02  -2.0587868e+02
   5.5000000e+02  -2.0702084e+02
   5.5100000e+02  -2.0850769e+02
   5.5200000e+02  -2.1023673e+02
   5.5300000e+02  -2.1198844e+02
   5.5400000e+02  -2.1353718e+02
   5.5500000e+02  -2.1470228e+02
   5.5600000e+02  -2.1530094e+02
   5.5700000e+02  -2.1516625e+02
   5.5800000e+02  -2.1430171e+02
   5.5900000e+02  -2.1268409e+02
   5.6000000e+02  -2.1045743e+02
   5.6100000e+02  -2.0777717e+02
   5.6200000e+02  -2.0494124e+02
   5.6300000e+02  -2.0214995e+02
   5.6400000e+02  -1.9977411e+02
   5.6500000e+02  -1.9802060e+02
   5.6600000e+02  -1.9714426e+02
   5.6700000e+02  -1.9730451e+02
   5.6800000e+02  -1.9861439e+02
   5.6900000e+02  -2.0104759e+02
   5.7000000e+02  -2.0457318e+02
   5.7100000e+02  -2.0898737e+02
   5.7200000e+02  -2.1405698e+02
   5.7300000e+02  -2.1944127e+02
   5.7400000e+02  -2.2477042e+02
   5.7500000e+02  -2.2960734e+02
   5.7600000e+02  -2.3357067e+02
   5.7700000e+02  -2.3630019e+02
   5.7800000e+02  -2.3751063e+02
   5.7900000e+02  -2.3707414e+02
   5.8000000e+02  -2.3500162e+02
   5.8100000e+02  -2.3136970e+02
   5.8200000e+02  -2.2656014e+02
   5.8300000e+02  -2.2084346e+02
   5.8400000e+02  -2.1475922e+02
   5.8500000e+02  -2.0873907e+02
   5.8600000e+02  -2.0326400e+02
   5.8700000e+02  -1.9870739e+02
   5.8800000e+02  -1.9544454e+02
   5.8900000e+02  -1.9363512e+02
   5.9000000e+02  -1.9343495e+02
   5.9100000e+02  -1.9480205e+02
   5.9200000e+02  -1.9761196e+02
   5.9300000e+02  -2.0161478e+02
   5.9400000e+02  -2.0644404e+02
   5.9500000e+02  -2.1167402e+02
   5.9600000e+02  -2.1678038e+02
   5.9700000e+02  -2.2130227e+02
   5.9800000e+02  -2.2473007e+02
   5.9900000e+02  -2.2677236e+02
   6.0000000e+02  -2.2714265e+02
   6.0100000e+02  -2.2588639e+02
   6.0200000e+02  -2.2306965e+02
   6.0300000e+02  -2.1904561e+02
   6.0400000e+02  -2.1421247e+02
   6.0500000e+02  -2.0906482e+02
   6.0600000e+02  -2.0410068e+02
   6.0700000e+02  -1.9979928e+02
   6.0800000e+02  -1.9651446e+02
   6.0900000e+02  -1.9456378e+02
   6.1000000e+02  -1.9409521e+02
   6.1100000e+02  -1.9513210e+02
   6.1200000e+02  -1.9761744e+02
   6.1300000e+02  -2.0134185e+02
   6.1400000e+02  -2.0599060e+02
   6.1500000e+02  -2.1121776e+02
   6.1600000e+02  -2.1657531e+02
   6.1700000e+02  -2.2162670e+02
   6.1800000e+02  -2.2596016e+02
   6.1900000e+02  -2.2927392e+02
   6.2000000e+02  -2.3125135e+02
   6.2100000e+02  -2.3188163e+02
   6.2200000e+02  -2.3111317e+02
   6.2300000e+02  -2.2912285e+02
   6.2400000e+02  -2.2614040e+02
   6.2500000e+02  -2.2248645e+02
   6.2600000e+02  -2.1846133e+02
   6.2700000e+02  -2.1443141e+02
   6.2800000e+02  -2.1064778e+02
   6.2900000e+02  -2.0735443e+02
   6.3000000e+02  -2.0471391e+02
   6.3100000e+02  -2.0280998e+02
   6.3200000e+02  -2.0164018e+02
   6.3300000e+02  -2.0119208e+02
   6.3400000e+02  -2.0135929e+02
   6.3500000e+02  -2.0200713e+02
   6.3600000e+02  -2.0303850e+02
   6.3700000e+02  -2.0429527e+02
   6.3800000e+02  -2.0565728e+02
   6.3900000e+02  -2.0707564e+02
   6.4000000e+02  -2.0845239e+02
   6.4100000e+02  -2.0977130e+02
   6.4200000e+02  -2.1104474e+02
   6.4300000e+02  -2.1226376e+02
   6.4400000e+02  -2.1342541e+02
   6.4500000e+02  -2.1456494e+02
   6.4600000e+02  -2.1563765e+02
   6.4700000e+02  -2.1658070e+02
   6.4800000e+02  -2.1740318e+02
   6.4900000e+02  -2.1794569e+02
   6.5000000e+02  -2.1817015e+02
   6.5100000e+02  -2.1802158e+02
   6.5200000e+02  -2.1741744e+02
   6.5300000e+02  -2.1635603e+02
   6.5400000e+02  -2.1492030e+02
   6.5500000e+02  -2.1313345e+02
   6.5600000e+02  -2.1116589e+02
   6.5700000e+02  -2.0919941e+02
   6.5800000e+02  -2.0737863e+02
   6.5900000e+02  -2.0592656e+02
   6.6000000e+02  -2.0502190e+02
   6.6100000e+02  -2.0477348e+02
   6.6200000e+02  -2.0526075e+02
   6.6300000e+02  -2.0656097e+02
   6.6400000e+02  -2.0852246e+02
   6.6500000e+02  -2.1108036e+02
   6.6600000e+02  -2.1403825e+02
   6.6700000e+02  -2.1705805e+02
   6.6800000e+02  -2.1992611e+02
   6.6900000e+02  -2.2230467e+02
   6.7000000e+02  -2.2387610e+02
   6.7100000e+02  -2.2445083e+02
   6.7200000e+02  -2.2391325e+02
   6.7300000e+02  -2.2214162e+02
   6.7400000e+02  -2.1932928e+02
   6.7500000e+02  -2.1562403e+02
   6.7600000e+02  -2.1131308e+02
   6.7700000e+02  -2.0677316e+02
   6.7800000e+02  -2.0241119e+02
   6.7900000e+02  -1.9852288e+02
   6.8000000e+02  -1.9554148e+02
   6.8100000e+02  -1.9367329e+02
   6.8200000e+02  -1.9308579e+02
   6.8300000e+02  -1.9392041e+02
   6.8400000e+02  -1.9610434e+02
   6.8500000e+02  -1.9951653e+02
   6.8600000e+02  -2.0394982e+02
   6.8700000e+02  -2.0907269e+02
   6.8800000e+02  -2.1446407e+02
   6.8900000e+02  -2.1975181e+02
   6.9000000e+02  -2.2448016e+02
   6.9100000e+02  -2.2821680e+02
   6.9200000e+02  -2.3073731e+02
   6.9300000e+02  -2.3179074e+02
   6.9400000e+02  -2.3131093e+02
   6.9500000e+02  -2.2944564e+02
   6.9600000e+02  -2.2638062e+02
   6.9700000e+02  -2.2238263e+02
   6.9800000e+02  -2.1796483e+02
   6.9900000e+02  -2.1341107e+02
   7.0000000e+02  -2.0918018e+02
   7.0100000e+02  -2.0563682e+02
   7.0200000e+02  -2.0301635e+02
   7.0300000e+02  -2.0150065e+02
   7.0400000e+02  -2.0123685e+02
   7.0500000e+02  -2.0213849e+02
   7.0600000e+02  -2.0410359e+02
   7.0700000e+02  -2.0697851e+02
   7.0800000e+02  -2.1038937e+02
   7.0900000e+02  -2.1402180e+02
   7.1000000e+02  -2.1754678e+02
   7.1100000e+02  -2.2049164e+02
   7.1200000e+02  -2.2258928e+02
   7.1300000e+02  -2.2361383e+02
   7.1400000e+02  -2.2334360e+02
   7.1500000e+02  -2.2184571e+02
   7.1600000e+02  -2.1924572e+02
   7.1700000e+02  -2.1572516e+02
   7.1800000e+02  -2.1167392e+02
   7.1900000e+02  -2.0747786e+02
   7.2000000e+02  -2.0345743e+02
   7.2100000e+02  -2.0003827e+02
   7.2200000e+02  -1.9749342e+02
   7.2300000e+02  -1.9599084e+02
   7.2400000e+02  -1.9566021e+02
   7.2500000e+02  -1.9653311e+02
   7.2600000e+02  -1.9840542e+02
   7.2700000e+02  -2.0119729e+02
   7.2800000e+02  -2.0457186e+02
   7.2900000e+02  -2.0823003e+02
   7.3000000e+02  -2.1185775e+02
   7.3100000e+02  -2.1516990e+02
   7.3200000e+02  -2.1783852e+02
   7.3300000e+02  -2.1977421e+02
   7.3400000e+02  -2.2084992e+02
   7.3500000e+02  -2.2106824e+02
   7.3600000e+02  -2.2057484e+02
   7.3700000e+02  -2.1954893e+02
   7.3800000e+02  -2.1815053e+02
   7.3900000e+02  -2.1670218e+02
   7.4000000e+02  -2.1537975e+02
   7.4100000e+02  -2.1432813e+02
   7.4200000e+02  -2.1373890e+02
   7.4300000e+02  -2.1362404e+02
   7.4400000e+02  -2.1391240e+02
   7.4500000e+02  -2.1462804e+02
   7.4600000e+02  -2.1551036e+02
   7.4700000e+02  -2.1643830e+02
   7.4800000e+02  -2.1721294e+02
   7.4900000e+02  -2.1766241e+02
   7.5000000e+02  -2.1758267e+02
   7.5100000e+02  -2.1701690e+02
   7.5200000e+02  -2.1583225e+02
   7.5300000e+02  -2.1416114e+02
   7.5400000e+02  -2.1215666e+02
   7.5500000e+02  -2.0996459e+02
   7.5600000e+02  -2.0781471e+02
   7.5700000e+02  -2.0596180e+02
   7.5800000e+02  -2.0455186e+02
   7.5900000e+02  -2.0373132e+02
   7.6000000e+02  -2.0364476e+02
   7.6100000e+02  -2.0419373e+02
   7.6200000e+02  -2.0538268e+02
   7.6300000e+02  -2.0703037e+02
   7.6400000e+02  -2.0895056e+02
   7.6500000e+02  -2.1085864e+02
   7.6600000e+02  -2.1260680e+02
   7.6700000e+02  -2.1385271e+02
   7.6800000e+02  -2.1451294e+02
   7.6900000e+02  -2.1449435e+02
   7.7000000e+02  -2.1374423e+02
   7.7100000e+02  -2.1239922e+02
   7.7200000e+02  -2.1064569e+02
   7.7300000e+02  -2.0864601e+02
   7.7400000e+02  -2.0672319e+02
   7.7500000e+02  -2.0511872e+02
   7.7600000e+02  -2.0402574e+02
   7.7700000e+02  -2.0364913e+02
   7.7800000e+02  -2.0409816e+02
   7.7900000e+02  -2.0533503e+02
   7.8000000e+02  -2.0736801e+02
   7.8100000e+02  -2.1000127e+02
   7.8200000e+02  -2.1303971e+02
   7.8300000e+02  -2.1620268e+02
   7.8400000e+02  -2.1925746e+02
   7.8500000e+02  -2.2182693e+02
   7.8600000e+02  -2.2377480e+02
   7.8700000e+02  -2.2483389e+02
   7.8800000e+02  -2.2494482e+02
   7.8900000e+02  -2.2409914e+02
   7.9000000e+02  -2.2240817e+02
   7.9100000e+02  -2.2000289e+02
   7.9200000e+02  -2.1717289e+02
   7.9300000e+02  -2.1416113e+02
   7.9400000e+02  -2.1122944e+02
   7.9500000e+02  -2.0865684e+02
   7.9600000e+02  -2.0663525e+02
   7.9700000e+02  -2.0527065e+02
   7.9800000e+02  -2.0467491e+02
   7.9900000e+02  -2.0480296e+02
   8.0000000e+02  -2.0555576e+02
   8.0100000e+02  -2.0682934e+02
   8.0200000e+02  -2.0838211e+02
   8.0300000e+02  -2.1000488e+02
   8.0400000e+02  -2.1150085e+02
   8.0500000e+02  -2.1264392e+02
   8.0600000e+02  -2.1330491e+02
   8.0700000e+02  -2.1341940e+02
   8.0800000e+02  -2.1296372e+02
   8.0900000e+02  -2.1202666e+02
   8.1000000e+02  -2.1075253e+02
   8.1100000e+02  -2.0933008e+02
   8.1200000e+02  -2.0793009e+02
   8.1300000e+02  -2.0682280e+02
   8.1400000e+02  -2.0611000e+02
   8.1500000e+02  -2.0597794e+02
   8.1600000e+02  -2.0646474e+02
   8.1700000e+02  -2.0758672e+02
   8.1800000e+02  -2.0925896e+02
   8.1900000e+02  -2.1137856e+02
   8.2000000e+02  -2.1371594e+02
   8.2100000e+02  -2.1608940e+02
   8.2200000e+02  -2.1822818e+02
   8.2300000e+02  -2.1992188e+02
   8.2400000e+02  -2.2096325e+02
   8.2500000e+02  -2.2122878e+02
   8.2600000e+02  -2.2066610e+02
   8.2700000e+02  -2.1928236e+02
   8.2800000e+02  -2.1722500e+02
   8.2900000e+02  -2.1466298e+02
   8.3000000e+02  -2.1184208e+02
   8.3100000e+02  -2.0906146e+02
   8.3200000e+02  -2.0656027e+02
   8.3300000e+02  -2.0462426e+02
   8.3400000e+02  -2.0342188e+02
   8.3500000e+02  -2.0312454e+02
   8.3600000e+02  -2.0372279e+02
   8.3700000e+02  -2.0523520e+02
   8.3800000e+02  -2.0747481e+02
   8.3900000e+02  -2.1025031e+02
   8.4000000e+02  -2.1326385e+02
   8.4100000e+02  -2.1619726e+02
   8.4200000e+02  -2.1867889e+02
   8.4300000e+02  -2.2044528e+02
   8.4400000e+02  -2.2120803e+02
   8.4500000e+02  -2.2085319e+02
   8.4600000e+02  -2.1936357e+02
   8.4700000e+02  -2.1683355e+02
   8.4800000e+02  -2.1353301e+02
   8.4900000e+02  -2.0974577e+02
   8.5000000e+02  -2.0590691e+02
   8.5100000e+02  -2.0236759e+02
   8.5200000e+02  -1.9953366e+02
   8.5300000e+02  -1.9770906e+02
   8.5400000e+02  -1.9710691e+02
   8.5500000e+02  -1.9786597e+02
   8.5600000e+02  -1.9999322e+02
   8.5700000e+02  -2.0334501e+02
   8.5800000e+02  -2.0771835e+02
   8.5900000e+02  -2.1277031e+02
   8.6000000e+02  -2.1804865e+02
   8.6100000e+02  -2.2314008e+02
   8.6200000e+02  -2.2752363e+02
   8.6300000e+02  -2.3079406e+02
   8.6400000e+02  -2.3264196e+02
   8.6500000e+02  -2.3287894e+02
   8.6600000e+02  -2.3146161e+02
   8.6700000e+02  -2.2858019e+02
   8.6800000e+02  -2.2449983e+02
   8.6900000e+02  -2.1960616e+02
   8.7000000e+02  -2.1442234e+02
   8.7100000e+02  -2.0934901e+02
   8.7200000e+02  -2.0486064e+02
   8.7300000e+02  -2.0131100e+02
   8.7400000e+02  -1.9893525e+02
   8.7500000e+02  -1.9788493e+02
   8.7600000e+02  -1.9819785e+02
   8.7700000e+02  -1.9974338e+02
   8.7800000e+02  -2.0232425e+02
   8.7900000e+02  -2.0566226e+02
   8.8000000e+02  -2.0935632e+02
   8.8100000e+02  -2.1302045e+02
   8.8200000e+02  -2.1628186e+02
   8.8300000e+02  -2.1875727e+02
   8.8400000e+02  -2.2021019e+02
   8.8500000e+02  -2.2053743e+02
   8.8600000e+02  -2.1969195e+02
   8.8700000e+02  -2.1782050e+02
   8.8800000e+02  -2.1519608e+02
   8.8900000e+02  -2.1205641e+02
   8.9000000e+02  -2.0881287e+02
   8.9100000e+02  -2.0576519e+02
   8.9200000e+02  -2.0321220e+02
   8.9300000e+02  -2.0134618e+02
   8.9400000e+02  -2.0037107e+02
   8.9500000e+02  -2.0024539e+02
   8.9600000e+02  -2.0099768e+02
   8.9700000e+02  -2.0251331e+02
   8.9800000e+02  -2.0458448e+02
   8.9900000e+02  -2.0704825e+02
   9.0000000e+02  -2.0970980e+02
   9.0100000e+02  -2.1230973e+02
   9.0200000e+02  -2.1473785e+02
   9.0300000e+02  -2.1686972e+02
   9.0400000e+02  -2.1856914e+02
   9.0500000e+02  -2.1990205e+02
   9.0600000e+02  -2.2086904e+02
   9.0700000e+02  -2.2147937e+02
   9.0800000e+02  -2.2187479e+02
   9.0900000e+02  -2.2209177e+02
   9.1000000e+02  -2.2216283e+02
   9.1100000e+02  -2.2214104e+02
   9.1200000e+02  -2.2203704e+02
   9.1300000e+02  -2.2171458e+02
   9.1400000e+02  -2.2124201e+02
   9.1500000e+02  -2.2043503e+02
   9.1600000e+02  -2.1924888e+02
   9.1700000e+02  -2.1765106e+02
   9.1800000e+02  -2.1560772e+02
   9.1900000e+02  -2.1311093e+02
   9.2000000e+02  -2.1032594e+02
   9.2100000e+02  -2.0734368e+02
   9.2200000e+02  -2.0432998e+02
   9.2300000e+02  -2.0158599e+02
   9.2400000e+02  -1.9925877e+02
   9.2500000e+02  -1.9759056e+02
   9.2600000e+02  -1.9678896e+02
   9.2700000e+02  -1.9695674e+02
   9.2800000e+02  -1.9809789e+02
   9.2900000e+02  -2.0030431e+02
   9.3000000e+02  -2.0331179e+02
   9.3100000e+02  -2.0699684e+02
   9.3200000e+02  -2.1106645e+02
   9.3300000e+02  -2.1513158e+02
   9.3400000e+02  -2.1883811e+02
   9.3500000e+02  -2.2186815e+02
   9.3600000e+02  -2.2383428e+02
   9.3700000e+02  -2.2455692e+02
   9.3800000e+02  -2.2396278e+02
   9.3900000e+02  -2.2202896e+02
   9.4000000e+02  -2.1895485e+02
   9.4100000e+02  -2.1507649e+02
   9.4200000e+02  -2.1068883e+02
   9.4300000e+02  -2.0628196e+02
   9.4400000e+02  -2.0228211e+02
   9.4500000e+02  -1.9906450e+02
   9.4600000e+02  -1.9696739e+02
   9.4700000e+02  -1.9629939e+02
   9.4800000e+02  -1.9710133e+02
   9.4900000e+02  -1.9949262e+02
   9.5000000e+02  -2.0333904e+02
   9.5100000e+02  -2.0842249e+02
   9.5200000e+02  -2.1438684e+02
   9.5300000e+02  -2.2085568e+02
   9.5400000e+02  -2.2718405e+02
   9.5500000e+02  -2.3290307e+02
   9.5600000e+02  -2.3746121e+02
   9.5700000e+02  -2.4029405e+02
   9.5800000e+02  -2.4115477e+02
   9.5900000e+02  -2.3988581e+02
   9.6000000e+02  -2.3643609e+02
   9.6100000e+02  -2.3119151e+02
   9.6200000e+02  -2.2452336e+02
   9.6300000e+02  -2.1695614e+02
   9.6400000e+02  -2.0920211e+02
   9.6500000e+02  -2.0184426e+02
   9.6600000e+02  -1.9542978e+02
   9.6700000e+02  -1.9050415e+02
   9.6800000e+02  -1.8737241e+02
   9.6900000e+02  -1.8621343e+02
   9.7000000e+02  -1.8715956e+02
   9.7100000e+02  -1.9007094e+02
   9.7200000e+02  -1.9468223e+02
   9.7300000e+02  -2.0068224e+02
   9.7400000e+02  -2.0749879e+02
   9.7500000e+02  -2.1450768e+02
   9.7600000e+02  -2.2117717e+02
   9.7700000e+02  -2.2675083e+02
   9.7800000e+02  -2.3079082e+02
   9.7900000e+02  -2.3291579e+02
   9.8000000e+02  -2.3297412e+02
   9.8100000e+02  -2.3099900e+02
   9.8200000e+02  -2.2737626e+02
   9.8300000e+02  -2.2243709e+02
   9.8400000e+02  -2.1680683e+02
   9.8500000e+02  -2.1106011e+02
   9.8600000e+02  -2.0574867e+02
   9.8700000e+02  -2.0131958e+02
   9.8800000e+02  -1.9819866e+02
   9.8900000e+02  -1.9654554e+02
   9.9000000e+02  -1.9647163e+02
   9.9100000e+02  -1.9797166e+02
   9.9200000e+02  -2.0081801e+02
   9.9300000e+02  -2.0475517e+02
   9.9400000e+02  -2.0944200e+02
   9.9500000e+02  -2.1439689e+02
   9.9600000e+02  -2.1920559e+02
   9.9700000e+02  -2.2344666e+02
   9.9800000e+02  -2.2673770e+02
   9.9900000e+02  -2.2877128e+02
