   7.1100000e+00   2.6450000e+01
   7.6600000e+00   2.6390000e+01
   8.0400000e+00   2.6500000e+01
   9.8900000e+00   2.5620000e+01
   1.0360000e+01   2.5620000e+01
   1.1000000e+01   2.6070000e+01
   1.1560000e+01   2.5230000e+01
   1.2120000e+01   2.4780000e+01
   1.2680000e+01   2.3980000e+01
   1.3230000e+01   2.3910000e+01
   1.3790000e+01   2.4070000e+01
   1.4350000e+01   2.4050000e+01
   1.4900000e+01   2.4240000e+01
   1.5460000e+01   2.4170000e+01
   1.5920000e+01   2.4120000e+01
   1.6570000e+01   2.4410000e+01
   1.7220000e+01   2.4680000e+01
   1.7780000e+01   2.4540000e+01
   1.8240000e+01   2.4280000e+01
   1.8800000e+01   2.4470000e+01
   2.0350000e+01   2.4230000e+01
   2.1900000e+01   2.4280000e+01
   2.4990000e+01   2.4350000e+01
   2.6540000e+01   2.4670000e+01
   2.7640000e+01   2.5010000e+01
   2.8640000e+01   2.5080000e+01
   2.9650000e+01   2.5050000e+01
   3.0650000e+01   2.5010000e+01
   3.1660000e+01   2.4930000e+01
   3.2660000e+01   2.4400000e+01
   3.3650000e+01   2.4590000e+01
   3.4550000e+01   2.4410000e+01
   3.5450000e+01   2.4240000e+01
   3.6350000e+01   2.4230000e+01
   3.7400000e+01   2.4170000e+01
   3.8480000e+01   2.3830000e+01
   3.9560000e+01   2.3670000e+01
   4.0870000e+01   2.3070000e+01
   4.2400000e+01   2.3600000e+01
   4.3930000e+01   2.3970000e+01
   4.5470000e+01   2.4120000e+01
   4.7090000e+01   2.4260000e+01
   4.8710000e+01   2.4140000e+01
   5.0330000e+01   2.4050000e+01
   5.1850000e+01   2.4160000e+01
   5.3350000e+01   2.4220000e+01
   5.6380000e+01   2.4000000e+01
   5.7940000e+01   2.4040000e+01
   5.9500000e+01   2.3910000e+01
   6.2000000e+01   2.3930000e+01
   6.2900000e+01   2.4210000e+01
   6.4700000e+01   2.3920000e+01
   6.6500000e+01   2.4410000e+01
   6.8430000e+01   2.4910000e+01
   7.0380000e+01   2.5420000e+01
   7.2330000e+01   2.5650000e+01
   7.4430000e+01   2.5750000e+01
   7.6680000e+01   2.5700000e+01
   7.8930000e+01   2.6290000e+01
   8.1220000e+01   2.6390000e+01
   8.3710000e+01   2.5990000e+01
   8.6200000e+01   2.6540000e+01
   8.8270000e+01   2.6560000e+01
   9.1870000e+01   2.6620000e+01
   9.3450000e+01   2.6410000e+01
   9.5820000e+01   2.6610000e+01
   9.8760000e+01   2.6650000e+01
   1.0168000e+02   2.6950000e+01
   1.0578000e+02   2.6330000e+01
   1.0923000e+02   2.6770000e+01
   1.1553000e+02   2.6820000e+01
   1.1763000e+02   2.7200000e+01
   1.2113000e+02   2.7600000e+01
   1.2344000e+02   2.7710000e+01
   1.2575000e+02   2.7690000e+01
   1.2749000e+02   2.7620000e+01
   1.2868000e+02   2.7650000e+01
   1.2967000e+02   2.7070000e+01
   1.3105000e+02   2.6470000e+01
   1.3223000e+02   2.6260000e+01
   1.3342000e+02   2.6370000e+01
   1.3421000e+02   2.5890000e+01
   1.3523000e+02   2.5590000e+01
   1.3631000e+02   2.5580000e+01
   1.4190000e+02   2.6240000e+01
   1.4321000e+02   2.5970000e+01
   1.4451000e+02   2.6120000e+01
   1.4603000e+02   2.6060000e+01
   1.4711000e+02   2.6020000e+01
   1.4840000e+02   2.5670000e+01
   1.4969000e+02   2.5710000e+01
   1.5100000e+02   2.6240000e+01
   1.5232000e+02   2.5770000e+01
   1.5364000e+02   2.5760000e+01
   1.5501000e+02   2.5710000e+01
   1.5642000e+02   2.5050000e+01
   1.5783000e+02   2.4930000e+01
   1.5924000e+02   2.4930000e+01
   1.6065000e+02   2.4790000e+01
   1.6206000e+02   2.4890000e+01
   1.6300000e+02   2.5290000e+01
   1.6485000e+02   2.5380000e+01
   1.6623000e+02   2.5700000e+01
   1.6761000e+02   2.6110000e+01
   1.6895000e+02   2.5850000e+01
   1.7024000e+02   2.5890000e+01
   1.7153000e+02   2.6320000e+01
   1.7282000e+02   2.5770000e+01
   1.7411000e+02   2.5610000e+01
   1.7540000e+02   2.5690000e+01
   1.7669000e+02   2.5780000e+01
   1.7795000e+02   2.5830000e+01
   1.7921000e+02   2.5840000e+01
   1.8047000e+02   2.5860000e+01
   1.8173000e+02   2.5870000e+01
   1.8299000e+02   2.5920000e+01
   1.8425000e+02   2.6310000e+01
   1.8550000e+02   2.5540000e+01
   1.8670000e+02   2.6020000e+01
   1.8790000e+02   2.5940000e+01
   1.8890000e+02   2.5820000e+01
   1.9030000e+02   2.6240000e+01
   1.9150000e+02   2.6340000e+01
   1.9270000e+02   2.6470000e+01
   1.9390000e+02   2.6900000e+01
   1.9510000e+02   2.7000000e+01
   1.9630000e+02   2.7140000e+01
   1.9769000e+02   2.7260000e+01
   1.9867000e+02   2.7130000e+01
   1.9984000e+02   2.6500000e+01
   2.0081000e+02   2.6840000e+01
   2.0218000e+02   2.6980000e+01
   2.0335000e+02   2.6870000e+01
   2.0452000e+02   2.6580000e+01
   2.0566000e+02   2.6240000e+01
   2.0677000e+02   2.6470000e+01
   2.0788000e+02   2.6360000e+01
   2.0908000e+02   2.6260000e+01
   2.0978000e+02   2.6260000e+01
   2.1062000e+02   2.6410000e+01
   2.1146000e+02   2.6390000e+01
   2.1311000e+02   2.6330000e+01
   2.1493000e+02   2.6370000e+01
   2.1674000e+02   2.6060000e+01
   2.1856000e+02   2.4560000e+01
   2.2038000e+02   2.5200000e+01
   2.2219000e+02   2.4110000e+01
   2.2431000e+02   2.4060000e+01
   2.2674000e+02   2.4850000e+01
   2.2917000e+02   2.4840000e+01
   2.3160000e+02   2.5680000e+01
   2.3403000e+02   2.6040000e+01
   2.3645000e+02   2.6370000e+01
   2.3888000e+02   2.6830000e+01
   2.4131000e+02   2.6910000e+01
   2.4374000e+02   2.6920000e+01
   2.4616000e+02   2.6980000e+01
   2.4859000e+02   2.6980000e+01
   2.5102000e+02   2.7190000e+01
   2.5345000e+02   2.7260000e+01
   2.5588000e+02   2.6370000e+01
   2.5830000e+02   2.6180000e+01
   2.6073000e+02   2.5990000e+01
   2.6316000e+02   2.6280000e+01
   2.6559000e+02   2.5030000e+01
   2.6735000e+02   2.4520000e+01
   2.6912000e+02   2.4540000e+01
   2.7147000e+02   2.4350000e+01
   2.7265000e+02   2.4150000e+01
   2.7441000e+02   2.4110000e+01
   2.7618000e+02   2.3940000e+01
   2.7794000e+02   2.4190000e+01
   2.7971000e+02   2.4380000e+01
   2.8147000e+02   2.4410000e+01
   2.8324000e+02   2.4560000e+01
   2.8500000e+02   2.4800000e+01
   2.8622000e+02   2.4620000e+01
   2.8744000e+02   2.3980000e+01
   2.8866000e+02   2.4320000e+01
   2.8987000e+02   2.4070000e+01
   2.9109000e+02   2.3320000e+01
   2.9231000e+02   2.3890000e+01
   2.9353000e+02   2.3640000e+01
   2.9475000e+02   2.3990000e+01
   2.9597000e+02   2.3760000e+01
   2.9719000e+02   2.4300000e+01
   2.9840000e+02   2.4080000e+01
   2.9962000e+02   2.4190000e+01
   3.0084000e+02   2.4110000e+01
   3.0206000e+02   2.4390000e+01
   3.0328000e+02   2.5210000e+01
   3.0450000e+02   2.5660000e+01
   3.0571000e+02   2.5810000e+01
   3.0693000e+02   2.6220000e+01
   3.0815000e+02   2.6270000e+01
   3.0919000e+02   2.4980000e+01
   3.1023000e+02   2.5090000e+01
   3.1124000e+02   2.5280000e+01
   3.1214000e+02   2.4800000e+01
   3.1303000e+02   2.4910000e+01
   3.1393000e+02   2.5600000e+01
   3.1483000e+02   2.5410000e+01
   3.1572000e+02   2.5780000e+01
   3.1662000e+02   2.6250000e+01
   3.1752000e+02   2.5610000e+01
   3.1843000e+02   2.5880000e+01
   3.1934000e+02   2.6110000e+01
   3.2025000e+02   2.6400000e+01
   3.2115000e+02   2.6700000e+01
   3.2205000e+02   2.6670000e+01
   3.2295000e+02   2.6370000e+01
   3.2388000e+02   2.6740000e+01
   3.2481000e+02   2.6760000e+01
   3.2574000e+02   2.6930000e+01
   3.2668000e+02   2.7160000e+01
   3.2764000e+02   2.7320000e+01
   3.2860000e+02   2.7470000e+01
   3.2957000e+02   2.6830000e+01
   3.3057000e+02   2.6610000e+01
   3.3158000e+02   2.6180000e+01
   3.3258000e+02   2.5680000e+01
   3.3359000e+02   2.5260000e+01
   3.3459000e+02   2.5070000e+01
   3.3560000e+02   2.4910000e+01
   3.3672000e+02   2.4780000e+01
   3.3795000e+02   2.5290000e+01
   3.3918000e+02   2.4510000e+01
   3.4061000e+02   2.5490000e+01
   3.4164000e+02   2.4870000e+01
   3.4287000e+02   2.4930000e+01
   3.4410000e+02   2.4930000e+01
   3.4540000e+02   2.4900000e+01
   3.4672000e+02   2.5060000e+01
   3.4804000e+02   2.4980000e+01
   3.4942000e+02   2.5020000e+01
   3.5086000e+02   2.5100000e+01
   3.5230000e+02   2.4540000e+01
   3.5378000e+02   2.4090000e+01
   3.5546000e+02   2.4220000e+01
   3.5714000e+02   2.3880000e+01
   3.6794000e+02   2.4500000e+01
   3.6956000e+02   2.4530000e+01
   3.7118000e+02   2.4610000e+01
   3.7280000e+02   2.4750000e+01
   3.7442000e+02   2.4520000e+01
   3.7604000e+02   2.4790000e+01
   3.7766000e+02   2.5500000e+01
   3.7928000e+02   2.5170000e+01
   3.8090000e+02   2.5230000e+01
   3.8252000e+02   2.5870000e+01
   3.8414000e+02   2.6260000e+01
   3.8576000e+02   2.6450000e+01
   3.8738000e+02   2.6730000e+01
   3.8900000e+02   2.6470000e+01
   3.9122000e+02   2.6790000e+01
   3.9344000e+02   2.6670000e+01
   3.9566000e+02   2.5920000e+01
   3.9789000e+02   2.5890000e+01
   4.0011000e+02   2.6660000e+01
   4.0233000e+02   2.6970000e+01
   4.0455000e+02   2.7240000e+01
   4.0677000e+02   2.6890000e+01
   4.0899000e+02   2.7460000e+01
   4.1122000e+02   2.7420000e+01
   4.1208000e+02   2.7150000e+01
   4.1380000e+02   2.7130000e+01
   4.1509000e+02   2.6880000e+01
   4.1625000e+02   2.6730000e+01
   4.1739000e+02   2.6760000e+01
   4.1853000e+02   2.6650000e+01
   4.1976000e+02   2.4530000e+01
   4.2108000e+02   2.4620000e+01
   4.2240000e+02   2.4690000e+01
   4.2372000e+02   2.4400000e+01
   4.2504000e+02   2.4160000e+01
   4.2636000e+02   2.4050000e+01
   4.2768000e+02   2.4130000e+01
   4.2918000e+02   2.4450000e+01
   4.3071000e+02   2.3800000e+01
   4.3224000e+02   2.4190000e+01
   4.3369000e+02   2.4660000e+01
   4.3507000e+02   2.4730000e+01
   4.3645000e+02   2.4480000e+01
   4.3829000e+02   2.4380000e+01
   4.3921000e+02   2.4620000e+01
   4.4059000e+02   2.4080000e+01
   4.4197000e+02   2.4300000e+01
   4.4338000e+02   2.4260000e+01
   4.4479000e+02   2.4070000e+01
   4.4620000e+02   2.4240000e+01
   4.4764000e+02   2.4270000e+01
   4.4911000e+02   2.4630000e+01
   4.5058000e+02   2.5160000e+01
   4.5198000e+02   2.5510000e+01
   4.5306000e+02   2.5100000e+01
   4.5414000e+02   2.5030000e+01
   4.5522000e+02   2.4490000e+01
   4.5623000e+02   2.5170000e+01
   4.5722000e+02   2.5430000e+01
   4.5821000e+02   2.5580000e+01
   4.5920000e+02   2.5010000e+01
   4.6019000e+02   2.4340000e+01
   4.6118000e+02   2.4630000e+01
   4.6231000e+02   2.4910000e+01
   4.6309000e+02   2.4830000e+01
   4.6402000e+02   2.5250000e+01
   4.6495000e+02   2.5690000e+01
   4.6585000e+02   2.4750000e+01
   4.6675000e+02   2.4200000e+01
   4.6869000e+02   2.4690000e+01
   4.6986000e+02   2.4810000e+01
   4.7103000e+02   2.5310000e+01
   4.7225000e+02   2.5800000e+01
   4.7375000e+02   2.5600000e+01
   4.7525000e+02   2.5040000e+01
   4.7675000e+02   2.4520000e+01
   4.7836000e+02   2.5020000e+01
   4.7999000e+02   2.5560000e+01
   4.8162000e+02   2.5720000e+01
   4.8351000e+02   2.6360000e+01
   4.8566000e+02   2.6680000e+01
   4.8781000e+02   2.6650000e+01
   4.9000000e+02   2.6840000e+01
   4.9234000e+02   2.6850000e+01
   4.9468000e+02   2.7020000e+01
   4.9702000e+02   2.6670000e+01
   4.9966000e+02   2.6610000e+01
   5.0236000e+02   2.6530000e+01
   5.0506000e+02   2.6300000e+01
   5.0762000e+02   2.6220000e+01
   5.1003000e+02   2.6060000e+01
   5.1245000e+02   2.6100000e+01
   5.1487000e+02   2.5980000e+01
   5.1728000e+02   2.6160000e+01
   5.1970000e+02   2.6090000e+01
   5.2508000e+02   2.5620000e+01
   5.3106000e+02   2.5490000e+01
   5.3703000e+02   2.5110000e+01
   5.4301000e+02   2.5530000e+01
   5.4857000e+02   2.5530000e+01
   5.5370000e+02   2.5990000e+01
   5.5883000e+02   2.6170000e+01
   5.6359000e+02   2.6690000e+01
   5.6653000e+02   2.6530000e+01
   5.6947000e+02   2.7070000e+01
   5.7241000e+02   2.6260000e+01
   5.7485000e+02   2.6320000e+01
   5.7729000e+02   2.6470000e+01
   5.7973000e+02   2.6740000e+01
   5.8299000e+02   2.6910000e+01
   5.8462000e+02   2.6260000e+01
   5.8706000e+02   2.5950000e+01
   5.8991000e+02   2.6120000e+01
   5.9194000e+02   2.6530000e+01
   5.9438000e+02   2.6420000e+01
   5.9682000e+02   2.6490000e+01
   5.9926000e+02   2.6860000e+01
   6.0171000e+02   2.7240000e+01
   6.0415000e+02   2.6770000e+01
   6.0659000e+02   2.7130000e+01
   6.0903000e+02   2.7030000e+01
   6.1147000e+02   2.6900000e+01
   6.1391000e+02   2.7000000e+01
   6.1635000e+02   2.7190000e+01
   6.1879000e+02   2.7170000e+01
   6.2124000e+02   2.7370000e+01
   6.2368000e+02   2.5780000e+01
   6.2612000e+02   2.5690000e+01
   6.2856000e+02   2.5410000e+01
   6.3100000e+02   2.4830000e+01
   6.3272000e+02   2.5010000e+01
   6.3444000e+02   2.5240000e+01
   6.3616000e+02   2.5420000e+01
   6.3788000e+02   2.5730000e+01
   6.3960000e+02   2.5220000e+01
   6.4132000e+02   2.5430000e+01
   6.4305000e+02   2.5610000e+01
   6.4477000e+02   2.5540000e+01
   6.4649000e+02   2.5850000e+01
   6.4821000e+02   2.5790000e+01
   6.4993000e+02   2.5990000e+01
   6.5165000e+02   2.6200000e+01
   6.5366000e+02   2.5940000e+01
   6.5509000e+02   2.6110000e+01
   6.5681000e+02   2.5920000e+01
   6.5853000e+02   2.6080000e+01
   6.6025000e+02   2.5980000e+01
   6.6197000e+02   2.5640000e+01
   6.6369000e+02   2.5990000e+01
   6.6541000e+02   2.6060000e+01
   6.6714000e+02   2.6010000e+01
   6.6886000e+02   2.6020000e+01
   6.7058000e+02   2.6390000e+01
   6.7230000e+02   2.5440000e+01
   6.7402000e+02   2.5760000e+01
   6.7574000e+02   2.6100000e+01
   6.7746000e+02   2.6270000e+01
   6.7918000e+02   2.6450000e+01
   6.8090000e+02   2.6490000e+01
   6.8262000e+02   2.6310000e+01
   6.8434000e+02   2.5820000e+01
   6.8692000e+02   2.6200000e+01
   6.8864000e+02   2.6660000e+01
   6.9036000e+02   2.6610000e+01
   6.9209000e+02   2.6640000e+01
   6.9381000e+02   2.7010000e+01
   6.9553000e+02   2.6890000e+01
   6.9725000e+02   2.6880000e+01
   6.9897000e+02   2.6950000e+01
   7.0069000e+02   2.6950000e+01
   7.0241000e+02   2.6960000e+01
   7.0606000e+02   2.6970000e+01
   7.0837000e+02   2.6990000e+01
   7.1068000e+02   2.7120000e+01
   7.1279000e+02   2.7200000e+01
   7.1393000e+02   2.6980000e+01
   7.1507000e+02   2.5420000e+01
   7.1621000e+02   2.5140000e+01
   7.1723000e+02   2.4960000e+01
   7.1838000e+02   2.4960000e+01
   7.1921000e+02   2.4740000e+01
   7.2020000e+02   2.5030000e+01
   7.2119000e+02   2.5250000e+01
   7.2218000e+02   2.6020000e+01
   7.2336000e+02   2.6220000e+01
   7.2549000e+02   2.6100000e+01
   7.2762000e+02   2.5940000e+01
   7.2975000e+02   2.5780000e+01
   7.3225000e+02   2.6100000e+01
   7.3483000e+02   2.6100000e+01
   7.3741000e+02   2.6230000e+01
   7.3975000e+02   2.5860000e+01
   7.4185000e+02   2.6240000e+01
   7.4395000e+02   2.6120000e+01
   7.4592000e+02   2.6270000e+01
   7.4722000e+02   2.6130000e+01
   7.4852000e+02   2.5900000e+01
   7.4961000e+02   2.5080000e+01
   7.5104000e+02   2.4880000e+01
   7.5224000e+02   2.4940000e+01
   7.5344000e+02   2.4830000e+01
   7.5496000e+02   2.4420000e+01
   7.5681000e+02   2.4430000e+01
   7.5866000e+02   2.4630000e+01
   7.6051000e+02   2.5400000e+01
   7.6235000e+02   2.5980000e+01
   7.6420000e+02   2.6210000e+01
   7.6605000e+02   2.6360000e+01
   7.6790000e+02   2.6600000e+01
   7.6934000e+02   2.6090000e+01
   7.7079000e+02   2.6320000e+01
   7.7247000e+02   2.6680000e+01
   7.7367000e+02   2.7200000e+01
   7.7512000e+02   2.6830000e+01
   7.7659000e+02   2.6690000e+01
   7.7820000e+02   2.6790000e+01
   7.7981000e+02   2.7080000e+01
   7.8142000e+02   2.7110000e+01
   7.8294000e+02   2.6910000e+01
   7.8444000e+02   2.6020000e+01
   7.8595000e+02   2.5170000e+01
   7.8745000e+02   2.4980000e+01
   7.8895000e+02   2.4560000e+01
   7.9045000e+02   2.4430000e+01
   7.9201000e+02   2.4730000e+01
   7.9384000e+02   2.3930000e+01
   7.9567000e+02   2.4000000e+01
   7.9719000e+02   2.4270000e+01
   7.9990000e+02   2.4250000e+01
   8.0242000e+02   2.3970000e+01
   8.0494000e+02   2.4650000e+01
   8.0731000e+02   2.4560000e+01
   8.0953000e+02   2.4580000e+01
   8.1175000e+02   2.5670000e+01
   8.1386000e+02   2.5970000e+01
   8.1542000e+02   2.6330000e+01
   8.1698000e+02   2.6360000e+01
   8.1854000e+02   2.6350000e+01
   8.2023000e+02   2.6590000e+01
   8.2194000e+02   2.6820000e+01
   8.2365000e+02   2.6970000e+01
   8.2545000e+02   2.6840000e+01
   8.2734000e+02   2.6930000e+01
   8.2923000e+02   2.6260000e+01
   8.3110000e+02   2.6460000e+01
   8.3290000e+02   2.6440000e+01
   8.3470000e+02   2.5860000e+01
   8.3650000e+02   2.5820000e+01
   8.3808000e+02   2.6060000e+01
   8.3961000e+02   2.6300000e+01
   8.4114000e+02   2.5900000e+01
   8.4267000e+02   2.6600000e+01
   8.4420000e+02   2.7110000e+01
   8.4652000e+02   2.7250000e+01
   8.4885000e+02   2.6610000e+01
   8.5117000e+02   2.6500000e+01
   8.5349000e+02   2.6510000e+01
   8.5581000e+02   2.7050000e+01
   8.5778000e+02   2.7170000e+01
   8.5967000e+02   2.7360000e+01
   8.6156000e+02   2.7170000e+01
   8.6334000e+02   2.6960000e+01
   8.6502000e+02   2.5910000e+01
   8.6670000e+02   2.5080000e+01
   8.6835000e+02   2.4800000e+01
   8.6985000e+02   2.4570000e+01
   8.7135000e+02   2.4030000e+01
   8.7285000e+02   2.4250000e+01
   8.7433000e+02   2.4600000e+01
   8.7580000e+02   2.4230000e+01
   8.7727000e+02   2.4430000e+01
   8.7871000e+02   2.4320000e+01
   8.8012000e+02   2.4320000e+01
   8.8153000e+02   2.4300000e+01
   8.8292000e+02   2.4300000e+01
   8.8421000e+02   2.4210000e+01
   8.8550000e+02   2.4020000e+01
   8.8679000e+02   2.4250000e+01
   8.8805000e+02   2.3150000e+01
   8.8931000e+02   2.3710000e+01
   8.9057000e+02   2.3230000e+01
   8.9186000e+02   2.3350000e+01
   8.9318000e+02   2.3650000e+01
   8.9450000e+02   2.4070000e+01
   8.9584000e+02   2.4070000e+01
   8.9725000e+02   2.4300000e+01
   8.9866000e+02   2.4870000e+01
   9.0007000e+02   2.4950000e+01
   9.0153000e+02   2.5300000e+01
   9.0300000e+02   2.5610000e+01
   9.0447000e+02   2.5800000e+01
   9.0594000e+02   2.5700000e+01
   9.0741000e+02   2.5550000e+01
   9.0888000e+02   2.5440000e+01
   9.1055000e+02   2.5810000e+01
   9.1168000e+02   2.5810000e+01
   9.1303000e+02   2.5810000e+01
   9.1438000e+02   2.5720000e+01
   9.1555000e+02   2.3500000e+01
   9.1669000e+02   2.2890000e+01
   9.1783000e+02   2.3490000e+01
   9.1885000e+02   2.3060000e+01
   9.1975000e+02   2.3970000e+01
   9.2065000e+02   2.4030000e+01
   9.2155000e+02   2.4180000e+01
   9.2245000e+02   2.4850000e+01
   9.2335000e+02   2.4830000e+01
   9.2425000e+02   2.5180000e+01
   9.2518000e+02   2.5640000e+01
   9.2611000e+02   2.6190000e+01
   9.2704000e+02   2.5580000e+01
   9.2818000e+02   2.5410000e+01
   9.2953000e+02   2.5700000e+01
   9.3088000e+02   2.5520000e+01
   9.3236000e+02   2.5420000e+01
   9.3449000e+02   2.5740000e+01
   9.3662000e+02   2.5640000e+01
   9.3875000e+02   2.5780000e+01
   9.4163000e+02   2.5960000e+01
   9.4466000e+02   2.5880000e+01
   9.4769000e+02   2.6440000e+01
   9.5048000e+02   2.6800000e+01
   9.5303000e+02   2.6840000e+01
   9.5558000e+02   2.6510000e+01
   9.5786000e+02   2.6590000e+01
   9.5882000e+02   2.7530000e+01
   9.5978000e+02   2.7460000e+01
   9.6074000e+02   2.5980000e+01
   9.6160000e+02   2.6440000e+01
   9.6244000e+02   2.5550000e+01
   9.6328000e+02   2.5210000e+01
   9.6411000e+02   2.5080000e+01
   9.6492000e+02   2.5620000e+01
   9.6573000e+02   2.5880000e+01
   9.6655000e+02   2.6050000e+01
   9.6742000e+02   2.6250000e+01
   9.6829000e+02   2.6220000e+01
   9.6901000e+02   2.6320000e+01
   9.7030000e+02   2.6330000e+01
   9.7150000e+02   2.6320000e+01
   9.7270000e+02   2.6020000e+01
   9.7407000e+02   2.6410000e+01
   9.7560000e+02   2.7040000e+01
   9.7713000e+02   2.6890000e+01
   9.7868000e+02   2.6800000e+01
   9.8033000e+02   2.6160000e+01
   9.8198000e+02   2.5890000e+01
   9.8363000e+02   2.5950000e+01
   9.8525000e+02   2.6150000e+01
   9.8687000e+02   2.5120000e+01
   9.8849000e+02   2.5750000e+01
   9.9010000e+02   2.5780000e+01
   9.9169000e+02   2.5630000e+01
   9.9328000e+02   2.5610000e+01
   9.9485000e+02   2.5660000e+01
   9.9632000e+02   2.5990000e+01
   9.9779000e+02   2.6360000e+01
   9.9901000e+02   2.6620000e+01
   1.0005500e+03   2.6810000e+01
   1.0018100e+03   2.6660000e+01
   1.0030700e+03   2.6520000e+01
   1.0043300e+03   2.6170000e+01
   1.0055900e+03   2.5800000e+01
   1.0068500e+03   2.5630000e+01
   1.0081300e+03   2.5610000e+01
   1.0094800e+03   2.5700000e+01
   1.0108300e+03   2.6010000e+01
   1.0119500e+03   2.5900000e+01
   1.0137000e+03   2.6140000e+01
   1.0152600e+03   2.6510000e+01
   1.0168200e+03   2.6220000e+01
   1.0186400e+03   2.6230000e+01
   1.0207100e+03   2.6160000e+01
   1.0227800e+03   2.6670000e+01
   1.0248400e+03   2.6670000e+01
   1.0268500e+03   2.6780000e+01
   1.0288600e+03   2.6790000e+01
   1.0308700e+03   2.6440000e+01
   1.0326000e+03   2.6020000e+01
   1.0342800e+03   2.5970000e+01
   1.0359600e+03   2.5880000e+01
   1.0377200e+03   2.5730000e+01
   1.0395500e+03   2.5760000e+01
   1.0413800e+03   2.5920000e+01
   1.0432000e+03   2.5890000e+01
   1.0449700e+03   2.5760000e+01
   1.0467400e+03   2.5320000e+01
   1.0485100e+03   2.5390000e+01
   1.0503000e+03   2.5150000e+01
   1.0521000e+03   2.4990000e+01
   1.0539000e+03   2.5380000e+01
   1.0557300e+03   2.5190000e+01
   1.0575900e+03   2.5400000e+01
   1.0594500e+03   2.5770000e+01
   1.0612800e+03   2.6290000e+01
   1.0629300e+03   2.6540000e+01
   1.0645800e+03   2.6790000e+01
   1.0662300e+03   2.6800000e+01
   1.0685000e+03   2.6870000e+01
   1.0709000e+03   2.7390000e+01
   1.0733000e+03   2.7410000e+01
   1.0757800e+03   2.7050000e+01
   1.0783300e+03   2.6750000e+01
   1.0808800e+03   2.6690000e+01
   1.0834300e+03   2.6780000e+01
   1.0860100e+03   2.6700000e+01
   1.0885900e+03   2.6680000e+01
   1.0911700e+03   2.6560000e+01
   1.0933500e+03   2.6240000e+01
   1.0954500e+03   2.6210000e+01
   1.0975500e+03   2.6160000e+01
   1.0994200e+03   2.6030000e+01
   1.1010700e+03   2.6630000e+01
   1.1027200e+03   2.6610000e+01
   1.1043700e+03   2.6850000e+01
   1.1060200e+03   2.7160000e+01
   1.1093100e+03   2.7070000e+01
   1.1109600e+03   2.6990000e+01
   1.1126100e+03   2.6320000e+01
   1.1142600e+03   2.6230000e+01
   1.1159100e+03   2.5840000e+01
   1.1175600e+03   2.5790000e+01
   1.1192000e+03   2.5090000e+01
   1.1208500e+03   2.4920000e+01
   1.1225000e+03   2.4850000e+01
   1.1279800e+03   2.5960000e+01
   1.1334700e+03   2.5430000e+01
   1.1374500e+03   2.5940000e+01
   1.1411300e+03   2.6150000e+01
   1.1448000e+03   2.6710000e+01
   1.1484800e+03   2.7010000e+01
   1.1521600e+03   2.6620000e+01
   1.1558400e+03   2.6450000e+01
   1.1593700e+03   2.6760000e+01
   1.1621600e+03   2.6780000e+01
   1.1649500e+03   2.6380000e+01
   1.1677400e+03   2.7010000e+01
   1.1699500e+03   2.7070000e+01
   1.1720500e+03   2.7000000e+01
   1.1741500e+03   2.6840000e+01
   1.1759800e+03   2.6920000e+01
   1.1775400e+03   2.6920000e+01
   1.1791000e+03   2.7110000e+01
   1.1806400e+03   2.7440000e+01
   1.1820500e+03   2.7490000e+01
   1.1834600e+03   2.7500000e+01
   1.1848700e+03   2.7280000e+01
   1.1862800e+03   2.7260000e+01
   1.1876900e+03   2.7290000e+01
   1.1891000e+03   2.7240000e+01
   1.1902700e+03   2.7130000e+01
   1.1912200e+03   2.6960000e+01
   1.1921600e+03   2.7070000e+01
   1.1931000e+03   2.7310000e+01
   1.1940500e+03   2.7340000e+01
   1.1949900e+03   2.6720000e+01
   1.1959400e+03   2.6760000e+01
   1.1968800e+03   2.6650000e+01
   1.1978300e+03   2.6070000e+01
   1.1987700e+03   2.6030000e+01
   1.1996800e+03   2.6020000e+01
   1.2005200e+03   2.6140000e+01
   1.2013600e+03   2.6220000e+01
   1.2021900e+03   2.6430000e+01
   1.2030300e+03   2.6130000e+01
   1.2038700e+03   2.6200000e+01
   1.2047100e+03   2.6140000e+01
   1.2055400e+03   2.6040000e+01
   1.2063800e+03   2.6600000e+01
   1.2072200e+03   2.6850000e+01
   1.2086700e+03   2.6790000e+01
   1.2104400e+03   2.6340000e+01
   1.2122000e+03   2.6330000e+01
   1.2139600e+03   2.6120000e+01
   1.2154300e+03   2.6180000e+01
   1.2178300e+03   2.6130000e+01
   1.2215200e+03   2.6210000e+01
   1.2252100e+03   2.6410000e+01
   1.2270600e+03   2.6970000e+01
   1.2289000e+03   2.7340000e+01
   1.2307500e+03   2.7710000e+01
   1.2326000e+03   2.7680000e+01
   1.2344500e+03   2.7670000e+01
   1.2363000e+03   2.7680000e+01
   1.2381500e+03   2.7740000e+01
   1.2400000e+03   2.7780000e+01
   1.2412600e+03   2.7770000e+01
   1.2425300e+03   2.7590000e+01
   1.2437900e+03   2.6730000e+01
   1.2450500e+03   2.5780000e+01
   1.2463200e+03   2.5250000e+01
   1.2475800e+03   2.4960000e+01
   1.2488400e+03   2.5030000e+01
   1.2501100e+03   2.5210000e+01
   1.2513700e+03   2.5220000e+01
   1.2531700e+03   2.4740000e+01
   1.2555100e+03   2.5840000e+01
   1.2578600e+03   2.5720000e+01
   1.2602000e+03   2.5090000e+01
   1.2625400e+03   2.5600000e+01
   1.2648900e+03   2.5990000e+01
   1.2672300e+03   2.5650000e+01
   1.2695700e+03   2.5640000e+01
   1.2719200e+03   2.6290000e+01
   1.2742600e+03   2.6620000e+01
   1.2766000e+03   2.6290000e+01
   1.2789500e+03   2.6080000e+01
   1.2812900e+03   2.6180000e+01
   1.2836300e+03   2.6380000e+01
   1.2859800e+03   2.6520000e+01
   1.2883200e+03   2.6880000e+01
   1.2891000e+03   2.6620000e+01
   1.2904300e+03   2.6400000e+01
   1.2917500e+03   2.6280000e+01
   1.2930800e+03   2.6020000e+01
   1.2944000e+03   2.6290000e+01
   1.2957300e+03   2.5910000e+01
   1.2970600e+03   2.5960000e+01
   1.2983800e+03   2.6510000e+01
   1.2997100e+03   2.6350000e+01
   1.3010300e+03   2.6380000e+01
   1.3023600e+03   2.6300000e+01
   1.3036900e+03   2.6580000e+01
   1.3050100e+03   2.6710000e+01
   1.3063400e+03   2.6680000e+01
   1.3074800e+03   2.6570000e+01
   1.3084500e+03   2.6860000e+01
   1.3094200e+03   2.6990000e+01
   1.3103900e+03   2.6730000e+01
   1.3113500e+03   2.6780000e+01
   1.3123200e+03   2.7020000e+01
   1.3131300e+03   2.7160000e+01
   1.3142600e+03   2.7210000e+01
   1.3152300e+03   2.7160000e+01
   1.3161900e+03   2.7150000e+01
   1.3171600e+03   2.6900000e+01
   1.3181300e+03   2.6690000e+01
   1.3191000e+03   2.6510000e+01
   1.3200600e+03   2.6530000e+01
   1.3210300e+03   2.6500000e+01
   1.3220000e+03   2.6260000e+01
   1.3246700e+03   2.6230000e+01
   1.3273300e+03   2.6240000e+01
   1.3300000e+03   2.5940000e+01
   1.3326700e+03   2.5850000e+01
   1.3353300e+03   2.5880000e+01
   1.3380000e+03   2.5850000e+01
   1.3406700e+03   2.5840000e+01
   1.3435000e+03   2.6070000e+01
   1.3465000e+03   2.7060000e+01
   1.3495000e+03   2.7180000e+01
   1.3525000e+03   2.7460000e+01
   1.3555000e+03   2.7330000e+01
   1.3583000e+03   2.7670000e+01
   1.3601000e+03   2.7480000e+01
   1.3619000e+03   2.7510000e+01
   1.3637000e+03   2.7520000e+01
   1.3655000e+03   2.7470000e+01
   1.3673000e+03   2.7410000e+01
   1.3691000e+03   2.6730000e+01
   1.3709000e+03   2.6240000e+01
   1.3727000e+03   2.6100000e+01
   1.3745000e+03   2.5710000e+01
   1.3763000e+03   2.5700000e+01
   1.3781000e+03   2.5170000e+01
   1.3799000e+03   2.5520000e+01
   1.3817000e+03   2.5860000e+01
   1.3835000e+03   2.6500000e+01
   1.3853800e+03   2.6600000e+01
   1.3876900e+03   2.6170000e+01
   1.3900000e+03   2.6670000e+01
   1.3923100e+03   2.6910000e+01
   1.3946200e+03   2.7060000e+01
   1.3969200e+03   2.7070000e+01
   1.3992300e+03   2.7080000e+01
   1.4016900e+03   2.6810000e+01
   1.4041500e+03   2.6660000e+01
   1.4066100e+03   2.6510000e+01
   1.4090800e+03   2.6300000e+01
   1.4115400e+03   2.6310000e+01
   1.4140000e+03   2.6540000e+01
   1.4164600e+03   2.6750000e+01
   1.4189200e+03   2.6540000e+01
   1.4213800e+03   2.6510000e+01
   1.4238500e+03   2.6650000e+01
   1.4263100e+03   2.7200000e+01
   1.4287700e+03   2.7600000e+01
   1.4312300e+03   2.7810000e+01
   1.4336900e+03   2.7660000e+01
   1.4361500e+03   2.7540000e+01
   1.4386200e+03   2.7470000e+01
   1.4410800e+03   2.7620000e+01
   1.4435400e+03   2.7680000e+01
   1.4460000e+03   2.7650000e+01
   1.4485500e+03   2.7210000e+01
   1.4511000e+03   2.7630000e+01
   1.4536600e+03   2.7120000e+01
   1.4562100e+03   2.6760000e+01
   1.4587600e+03   2.6620000e+01
   1.4613100e+03   2.6320000e+01
   1.4638600e+03   2.6490000e+01
   1.4664100e+03   2.6530000e+01
   1.4689700e+03   2.6740000e+01
   1.4715200e+03   2.6930000e+01
   1.4740700e+03   2.7260000e+01
   1.4766200e+03   2.7200000e+01
   1.4791700e+03   2.7120000e+01
   1.4817200e+03   2.7310000e+01
   1.4842800e+03   2.7660000e+01
   1.4868300e+03   2.7370000e+01
   1.4893800e+03   2.7360000e+01
   1.4919300e+03   2.7540000e+01
   1.4944800e+03   2.7500000e+01
   1.4970300e+03   2.7420000e+01
   1.4995900e+03   2.7170000e+01
   1.5021400e+03   2.6970000e+01
   1.5046900e+03   2.6990000e+01
   1.5072400e+03   2.7030000e+01
   1.5097900e+03   2.6520000e+01
   1.5123400e+03   2.6580000e+01
   1.5149000e+03   2.6830000e+01
   1.5174500e+03   2.7030000e+01
   1.5200000e+03   2.7160000e+01
   1.5226300e+03   2.6570000e+01
   1.5252600e+03   2.6600000e+01
   1.5278800e+03   2.6400000e+01
   1.5305100e+03   2.6010000e+01
   1.5331400e+03   2.5920000e+01
   1.5357700e+03   2.5940000e+01
   1.5384000e+03   2.5980000e+01
   1.5410200e+03   2.5990000e+01
   1.5436500e+03   2.5940000e+01
   1.5469900e+03   2.6290000e+01
   1.5504200e+03   2.6710000e+01
   1.5538600e+03   2.6880000e+01
   1.5573400e+03   2.6960000e+01
   1.5608600e+03   2.7000000e+01
   1.5643700e+03   2.6820000e+01
   1.5677900e+03   2.6790000e+01
   1.5707300e+03   2.6750000e+01
   1.5736700e+03   2.6510000e+01
   1.5766100e+03   2.6520000e+01
   1.5793000e+03   2.6420000e+01
   1.5819500e+03   2.6570000e+01
   1.5845900e+03   2.7280000e+01
   1.5867300e+03   2.7290000e+01
   1.5883600e+03   2.6900000e+01
   1.5899900e+03   2.6450000e+01
   1.5916300e+03   2.6000000e+01
   1.5932600e+03   2.6300000e+01
   1.5948900e+03   2.6520000e+01
   1.5965200e+03   2.6620000e+01
   1.5984200e+03   2.6410000e+01
   1.6000500e+03   2.6200000e+01
   1.6016800e+03   2.6180000e+01
   1.6035500e+03   2.6190000e+01
   1.6056500e+03   2.6320000e+01
   1.6077500e+03   2.6590000e+01
   1.6098500e+03   2.6800000e+01
   1.6119500e+03   2.6820000e+01
   1.6140500e+03   2.6970000e+01
   1.6161500e+03   2.6910000e+01
   1.6182500e+03   2.6520000e+01
   1.6203500e+03   2.6600000e+01
   1.6224500e+03   2.6400000e+01
   1.6245500e+03   2.6200000e+01
   1.6266500e+03   2.6280000e+01
   1.6287500e+03   2.6510000e+01
   1.6308500e+03   2.6550000e+01
   1.6344000e+03   2.6370000e+01
   1.6382400e+03   2.5900000e+01
   1.6420800e+03   2.5300000e+01
   1.6459200e+03   2.4770000e+01
   1.6497600e+03   2.4570000e+01
   1.6536000e+03   2.4480000e+01
   1.6571100e+03   2.4510000e+01
   1.6606300e+03   2.4630000e+01
   1.6641400e+03   2.4500000e+01
   1.6676500e+03   2.5360000e+01
   1.6711600e+03   2.5130000e+01
   1.6746800e+03   2.5490000e+01
   1.6781900e+03   2.6260000e+01
   1.6817000e+03   2.6750000e+01
   1.6852200e+03   2.6680000e+01
   1.6887300e+03   2.7290000e+01
   1.6965800e+03   2.7240000e+01
   1.6996600e+03   2.6780000e+01
   1.7027400e+03   2.6750000e+01
   1.7058200e+03   2.6750000e+01
   1.7089000e+03   2.6520000e+01
   1.7119800e+03   2.5600000e+01
   1.7150600e+03   2.5620000e+01
   1.7181500e+03   2.5670000e+01
   1.7209700e+03   2.5830000e+01
   1.7233000e+03   2.5680000e+01
   1.7256200e+03   2.5770000e+01
   1.7279400e+03   2.5820000e+01
   1.7302700e+03   2.6200000e+01
   1.7325900e+03   2.6340000e+01
   1.7349100e+03   2.6290000e+01
   1.7372300e+03   2.6060000e+01
   1.7395600e+03   2.5990000e+01
   1.7418800e+03   2.6000000e+01
   1.7442000e+03   2.6460000e+01
   1.7465200e+03   2.6960000e+01
   1.7488500e+03   2.6540000e+01
   1.7511700e+03   2.6100000e+01
   1.7534900e+03   2.6110000e+01
   1.7558200e+03   2.5910000e+01
   1.7581400e+03   2.5190000e+01
   1.7603800e+03   2.6190000e+01
   1.7625500e+03   2.6500000e+01
   1.7647200e+03   2.7210000e+01
   1.7668900e+03   2.7060000e+01
   1.7786000e+03   2.7030000e+01
   1.7803000e+03   2.6930000e+01
   1.7820100e+03   2.6960000e+01
   1.7837100e+03   2.6970000e+01
   1.7854200e+03   2.6940000e+01
   1.7871200e+03   2.6730000e+01
   1.7888300e+03   2.6850000e+01
   1.7905300e+03   2.6940000e+01
   1.7922400e+03   2.6850000e+01
   1.7939400e+03   2.6270000e+01
   1.7956500e+03   2.6220000e+01
   1.7973500e+03   2.6200000e+01
   1.7990600e+03   2.6040000e+01
   1.8007600e+03   2.5970000e+01
   1.8024700e+03   2.5810000e+01
   1.8041700e+03   2.5640000e+01
   1.8058800e+03   2.6130000e+01
   1.8075800e+03   2.6660000e+01
   1.8092900e+03   2.7210000e+01
   1.8110000e+03   2.7140000e+01
   1.8130500e+03   2.6790000e+01
   1.8151100e+03   2.6610000e+01
   1.8171600e+03   2.6640000e+01
   1.8192100e+03   2.6530000e+01
   1.8212700e+03   2.6780000e+01
   1.8233200e+03   2.6800000e+01
   1.8253800e+03   2.6430000e+01
   1.8274300e+03   2.5690000e+01
   1.8294800e+03   2.5760000e+01
   1.8315400e+03   2.5710000e+01
   1.8335900e+03   2.5910000e+01
   1.8356400e+03   2.5900000e+01
   1.8377000e+03   2.6080000e+01
   1.8397500e+03   2.6280000e+01
   1.8418000e+03   2.6660000e+01
   1.8438600e+03   2.6510000e+01
   1.8459100e+03   2.6010000e+01
   1.8479600e+03   2.5720000e+01
   1.8500200e+03   2.6270000e+01
   1.8520700e+03   2.6630000e+01
   1.8541300e+03   2.6580000e+01
   1.8561800e+03   2.6690000e+01
   1.8582300e+03   2.6590000e+01
   1.8602900e+03   2.6510000e+01
   1.8623400e+03   2.6600000e+01
   1.8643900e+03   2.6630000e+01
   1.8664500e+03   2.6320000e+01
   1.8685000e+03   2.6400000e+01
   1.8705500e+03   2.6500000e+01
   1.8726100e+03   2.6200000e+01
   1.8746600e+03   2.5860000e+01
   1.8767100e+03   2.5820000e+01
   1.8787700e+03   2.5840000e+01
   1.8808200e+03   2.5970000e+01
   1.8828800e+03   2.6180000e+01
   1.8849300e+03   2.6310000e+01
   1.8869800e+03   2.6010000e+01
   1.8890400e+03   2.5930000e+01
   1.8910900e+03   2.6500000e+01
   1.8931400e+03   2.6190000e+01
   1.8952000e+03   2.5970000e+01
   1.8972500e+03   2.5920000e+01
   1.9013600e+03   2.6320000e+01
   1.9034100e+03   2.6860000e+01
   1.9054600e+03   2.6740000e+01
   1.9075200e+03   2.6550000e+01
   1.9095700e+03   2.6730000e+01
   1.9116300e+03   2.6750000e+01
   1.9136800e+03   2.6420000e+01
   1.9157300e+03   2.6340000e+01
   1.9177900e+03   2.6550000e+01
   1.9198400e+03   2.6520000e+01
   1.9218900e+03   2.6510000e+01
   1.9239500e+03   2.7030000e+01
   1.9260000e+03   2.7050000e+01
   1.9287100e+03   2.6710000e+01
   1.9314300e+03   2.6640000e+01
   1.9341400e+03   2.6800000e+01
   1.9368600e+03   2.6840000e+01
   1.9395700e+03   2.7110000e+01
   1.9422900e+03   2.6910000e+01
   1.9450000e+03   2.6330000e+01
   1.9490900e+03   2.6240000e+01
   1.9531800e+03   2.6180000e+01
   1.9572700e+03   2.6820000e+01
   1.9613600e+03   2.6830000e+01
   1.9654500e+03   2.7210000e+01
   1.9695500e+03   2.6850000e+01
   1.9736400e+03   2.6910000e+01
   1.9777300e+03   2.7070000e+01
   1.9818200e+03   2.7390000e+01
   1.9859100e+03   2.7420000e+01
   1.9900000e+03   2.7510000e+01
   1.9933600e+03   2.7410000e+01
   1.9967300e+03   2.7390000e+01
   2.0000900e+03   2.7080000e+01
   2.0034500e+03   2.6910000e+01
   2.0068200e+03   2.6750000e+01
   2.0101800e+03   2.6700000e+01
   2.0135500e+03   2.6720000e+01
   2.0169100e+03   2.6730000e+01
   2.0202700e+03   2.6870000e+01
   2.0236400e+03   2.7000000e+01
   2.0270000e+03   2.6860000e+01
   2.0300800e+03   2.6700000e+01
   2.0331500e+03   2.6630000e+01
   2.0362300e+03   2.6340000e+01
   2.0393100e+03   2.6140000e+01
   2.0423800e+03   2.6210000e+01
   2.0454600e+03   2.6210000e+01
   2.0485400e+03   2.6250000e+01
   2.0516200e+03   2.5630000e+01
   2.0546900e+03   2.5750000e+01
   2.0577700e+03   2.5660000e+01
   2.0608500e+03   2.5820000e+01
   2.0639200e+03   2.5380000e+01
   2.0670000e+03   2.5460000e+01
   2.0705100e+03   2.5420000e+01
   2.0740300e+03   2.5720000e+01
   2.0775400e+03   2.5630000e+01
   2.0810600e+03   2.5580000e+01
   2.0845700e+03   2.5450000e+01
   2.0880800e+03   2.5490000e+01
   2.0916000e+03   2.5890000e+01
   2.0951100e+03   2.6290000e+01
   2.0986300e+03   2.6560000e+01
   2.1010800e+03   2.6330000e+01
   2.1023100e+03   2.6020000e+01
   2.1051700e+03   2.5720000e+01
   2.1076300e+03   2.5760000e+01
   2.1096700e+03   2.5830000e+01
   2.1121300e+03   2.6140000e+01
   2.1145800e+03   2.6440000e+01
   2.1170400e+03   2.7010000e+01
   2.1194900e+03   2.6850000e+01
   2.1211800e+03   2.6750000e+01
   2.1229700e+03   2.7060000e+01
   2.1245100e+03   2.7150000e+01
   2.1257900e+03   2.7290000e+01
   2.1272000e+03   2.7470000e+01
   2.1288600e+03   2.7560000e+01
   2.1307800e+03   2.7630000e+01
   2.1309100e+03   2.7510000e+01
   2.1360000e+03   2.7520000e+01
   2.1374200e+03   2.7530000e+01
   2.1388500e+03   2.7460000e+01
   2.1402700e+03   2.7320000e+01
   2.1417000e+03   2.7070000e+01
   2.1431200e+03   2.6920000e+01
   2.1445500e+03   2.6870000e+01
   2.1459700e+03   2.6750000e+01
   2.1473900e+03   2.5770000e+01
   2.1488200e+03   2.5900000e+01
   2.1502400e+03   2.5590000e+01
   2.1516700e+03   2.5180000e+01
   2.1530900e+03   2.5110000e+01
   2.1545200e+03   2.5400000e+01
   2.1559400e+03   2.5590000e+01
   2.1573600e+03   2.5530000e+01
   2.1587900e+03   2.5650000e+01
   2.1602100e+03   2.6090000e+01
   2.1616400e+03   2.6050000e+01
   2.1630600e+03   2.5580000e+01
   2.1644900e+03   2.5680000e+01
   2.1659100e+03   2.5930000e+01
   2.1673400e+03   2.6670000e+01
   2.1687600e+03   2.6860000e+01
   2.1701800e+03   2.6900000e+01
   2.1716100e+03   2.6850000e+01
   2.1730300e+03   2.6980000e+01
   2.1744600e+03   2.7050000e+01
   2.1758800e+03   2.7280000e+01
   2.1773100e+03   2.7270000e+01
   2.1787300e+03   2.7250000e+01
   2.1801500e+03   2.7300000e+01
   2.1815800e+03   2.7360000e+01
   2.1830000e+03   2.7380000e+01
   2.1844300e+03   2.7490000e+01
   2.1858500e+03   2.7540000e+01
   2.1872800e+03   2.7610000e+01
   2.1887000e+03   2.7750000e+01
   2.1908200e+03   2.7720000e+01
   2.1929400e+03   2.7540000e+01
   2.1950500e+03   2.7160000e+01
   2.1971700e+03   2.7200000e+01
   2.1992900e+03   2.7080000e+01
   2.2014100e+03   2.7040000e+01
   2.2035300e+03   2.6830000e+01
   2.2056500e+03   2.6780000e+01
   2.2077600e+03   2.7010000e+01
   2.2098800e+03   2.7290000e+01
   2.2120000e+03   2.7510000e+01
   2.2139100e+03   2.7530000e+01
   2.2158200e+03   2.7360000e+01
   2.2177300e+03   2.7240000e+01
   2.2196400e+03   2.7110000e+01
   2.2215500e+03   2.7310000e+01
   2.2234500e+03   2.7340000e+01
   2.2253600e+03   2.7340000e+01
   2.2272700e+03   2.7450000e+01
   2.2291800e+03   2.7420000e+01
   2.2310900e+03   2.7500000e+01
   2.2330000e+03   2.7120000e+01
   2.2351300e+03   2.7400000e+01
   2.2372500e+03   2.6960000e+01
   2.2393800e+03   2.7040000e+01
   2.2415000e+03   2.6920000e+01
   2.2436300e+03   2.6750000e+01
   2.2457500e+03   2.6590000e+01
   2.2478800e+03   2.6550000e+01
   2.2500000e+03   2.6520000e+01
   2.2520000e+03   2.6480000e+01
   2.2540000e+03   2.6540000e+01
   2.2560000e+03   2.6870000e+01
   2.2580000e+03   2.7110000e+01
   2.2600000e+03   2.7420000e+01
   2.2618500e+03   2.7500000e+01
   2.2637100e+03   2.7350000e+01
   2.2655600e+03   2.7370000e+01
   2.2674200e+03   2.7320000e+01
   2.2692700e+03   2.7200000e+01
   2.2711300e+03   2.7270000e+01
   2.2729800e+03   2.7210000e+01
   2.2748400e+03   2.7280000e+01
   2.2766900e+03   2.7300000e+01
   2.2785500e+03   2.7190000e+01
   2.2804000e+03   2.7120000e+01
   2.2822500e+03   2.7090000e+01
   2.2841100e+03   2.6840000e+01
   2.2859600e+03   2.6830000e+01
   2.2878200e+03   2.6790000e+01
   2.2896700e+03   2.6790000e+01
   2.2915300e+03   2.6670000e+01
   2.2933800e+03   2.6690000e+01
   2.2952400e+03   2.6690000e+01
   2.2970900e+03   2.7020000e+01
   2.2989500e+03   2.7170000e+01
   2.3008000e+03   2.7430000e+01
   2.3032900e+03   2.7640000e+01
   2.3057900e+03   2.7510000e+01
   2.3081700e+03   2.7210000e+01
   2.3099300e+03   2.6850000e+01
   2.3116800e+03   2.6750000e+01
   2.3134400e+03   2.6700000e+01
   2.3150700e+03   2.6780000e+01
   2.3166700e+03   2.6950000e+01
   2.3182700e+03   2.7180000e+01
   2.3198700e+03   2.7320000e+01
   2.3214700e+03   2.7400000e+01
   2.3230700e+03   2.7660000e+01
   2.3247100e+03   2.7270000e+01
   2.3265200e+03   2.7040000e+01
   2.3283300e+03   2.7060000e+01
   2.3301400e+03   2.6930000e+01
   2.3324000e+03   2.7050000e+01
   2.3347500e+03   2.7190000e+01
   2.3371000e+03   2.7280000e+01
   2.3396500e+03   2.7720000e+01
   2.3424100e+03   2.7890000e+01
   2.3451800e+03   2.7830000e+01
   2.3479400e+03   2.7590000e+01
   2.3507000e+03   2.7530000e+01
   2.3534600e+03   2.7110000e+01
   2.3562200e+03   2.7040000e+01
   2.3589800e+03   2.7100000e+01
   2.3617300e+03   2.7010000e+01
   2.3644900e+03   2.7220000e+01
   2.3671300e+03   2.7380000e+01
   2.3696400e+03   2.7170000e+01
   2.3721600e+03   2.7440000e+01
   2.3746400e+03   2.7530000e+01
   2.3769400e+03   2.7490000e+01
   2.3792400e+03   2.7480000e+01
   2.3815400e+03   2.7440000e+01
   2.3835500e+03   2.7640000e+01
   2.3855000e+03   2.7660000e+01
   2.3874500e+03   2.7680000e+01
   2.3892200e+03   2.7590000e+01
   2.3907900e+03   2.7460000e+01
   2.3923600e+03   2.7440000e+01
   2.3939200e+03   2.7380000e+01
   2.3954500e+03   2.7320000e+01
   2.3969800e+03   2.7300000e+01
   2.3985100e+03   2.7260000e+01
   2.3999500e+03   2.7190000e+01
   2.4013700e+03   2.7260000e+01
   2.4027800e+03   2.7330000e+01
   2.4042000e+03   2.7360000e+01
   2.4056300e+03   2.7450000e+01
   2.4070500e+03   2.7510000e+01
   2.4084700e+03   2.7510000e+01
   2.4098900e+03   2.7330000e+01
   2.4113200e+03   2.7320000e+01
   2.4127400e+03   2.7390000e+01
   2.4141600e+03   2.7250000e+01
   2.4155800e+03   2.7460000e+01
   2.4170100e+03   2.7410000e+01
   2.4184300e+03   2.7400000e+01
   2.4200900e+03   2.7320000e+01
   2.4217500e+03   2.7380000e+01
   2.4229400e+03   2.7370000e+01
   2.4246000e+03   2.7400000e+01
   2.4257800e+03   2.7380000e+01
   2.4272000e+03   2.7380000e+01
   2.4286300e+03   2.7280000e+01
   2.4302900e+03   2.7210000e+01
   2.4314700e+03   2.7060000e+01
   2.4329000e+03   2.6960000e+01
   2.4343200e+03   2.6950000e+01
   2.4359800e+03   2.6580000e+01
   2.4371600e+03   2.6280000e+01
   2.4385900e+03   2.6040000e+01
   2.4400100e+03   2.6180000e+01
   2.4414300e+03   2.6150000e+01
   2.4430900e+03   2.6400000e+01
   2.4442800e+03   2.6640000e+01
   2.4457000e+03   2.6670000e+01
   2.4478300e+03   2.6760000e+01
   2.4492600e+03   2.6450000e+01
   2.4506800e+03   2.6660000e+01
   2.4521000e+03   2.6780000e+01
   2.4537600e+03   2.7070000e+01
   2.4549500e+03   2.7040000e+01
   2.4563700e+03   2.6860000e+01
   2.4577900e+03   2.7040000e+01
   2.4594500e+03   2.7140000e+01
   2.4608800e+03   2.7320000e+01
   2.4620600e+03   2.7400000e+01
   2.4636300e+03   2.7340000e+01
   2.4652200e+03   2.7320000e+01
   2.4668100e+03   2.7240000e+01
   2.4684100e+03   2.7460000e+01
   2.4700000e+03   2.7490000e+01
   2.4715900e+03   2.7590000e+01
   2.4731900e+03   2.7530000e+01
   2.4747800e+03   2.7440000e+01
   2.4766400e+03   2.7370000e+01
   2.4779600e+03   2.7440000e+01
   2.4795600e+03   2.7530000e+01
   2.4811500e+03   2.7600000e+01
   2.4827400e+03   2.7230000e+01
   2.4840700e+03   2.6970000e+01
   2.4859300e+03   2.6990000e+01
   2.4875200e+03   2.6830000e+01
   2.4891100e+03   2.6870000e+01
   2.4907100e+03   2.6840000e+01
   2.4925700e+03   2.6740000e+01
   2.4938900e+03   2.6890000e+01
   2.4954900e+03   2.7330000e+01
   2.4970800e+03   2.7530000e+01
   2.4986700e+03   2.7680000e+01
   2.5006500e+03   2.7740000e+01
   2.5022800e+03   2.7580000e+01
   2.5042300e+03   2.7440000e+01
   2.5060200e+03   2.7270000e+01
   2.5081400e+03   2.7030000e+01
   2.5104100e+03   2.6880000e+01
   2.5120400e+03   2.7190000e+01
   2.5139900e+03   2.7180000e+01
   2.5159500e+03   2.6710000e+01
   2.5179000e+03   2.5590000e+01
   2.5200400e+03   2.5450000e+01
   2.5217100e+03   2.5180000e+01
   2.5231100e+03   2.4590000e+01
   2.5245000e+03   2.4370000e+01
   2.5267400e+03   2.4580000e+01
   2.5284100e+03   2.5110000e+01
   2.5298100e+03   2.5300000e+01
   2.5314900e+03   2.5580000e+01
   2.5334400e+03   2.6340000e+01
   2.5351100e+03   2.6510000e+01
   2.5365100e+03   2.6080000e+01
   2.5381900e+03   2.6280000e+01
   2.5398600e+03   2.6520000e+01
   2.5418200e+03   2.6670000e+01
   2.5434900e+03   2.7240000e+01
   2.5451700e+03   2.7630000e+01
   2.5468400e+03   2.7760000e+01
   2.5485700e+03   2.7830000e+01
   2.5512800e+03   2.7530000e+01
   2.5532300e+03   2.7350000e+01
   2.5555600e+03   2.7070000e+01
   2.5578900e+03   2.7180000e+01
   2.5602200e+03   2.7070000e+01
   2.5623600e+03   2.7080000e+01
   2.5652700e+03   2.7250000e+01
   2.5676000e+03   2.7550000e+01
   2.5699300e+03   2.7640000e+01
   2.5718700e+03   2.7590000e+01
   2.5740100e+03   2.7450000e+01
   2.5765400e+03   2.7530000e+01
   2.5792600e+03   2.7490000e+01
   2.5812000e+03   2.7540000e+01
   2.5835300e+03   2.7620000e+01
   2.5858600e+03   2.7810000e+01
   2.5885800e+03   2.7770000e+01
   2.5909100e+03   2.7540000e+01
   2.5928500e+03   2.7360000e+01
   2.5949900e+03   2.7200000e+01
   2.5979000e+03   2.7070000e+01
   2.5998500e+03   2.6830000e+01
   2.6042000e+03   2.6480000e+01
   2.6088700e+03   2.6380000e+01
   2.6144700e+03   2.6430000e+01
   2.6210000e+03   2.6910000e+01
   2.6236100e+03   2.6830000e+01
   2.6262200e+03   2.6810000e+01
   2.6284000e+03   2.6450000e+01
   2.6305700e+03   2.6160000e+01
   2.6323100e+03   2.6710000e+01
   2.6340500e+03   2.6860000e+01
   2.6358700e+03   2.6940000e+01
   2.6368100e+03   2.6920000e+01
   2.6379300e+03   2.6960000e+01
   2.6389500e+03   2.6990000e+01
   2.6403500e+03   2.7160000e+01
   2.6414700e+03   2.7200000e+01
   2.6424000e+03   2.7150000e+01
   2.6435200e+03   2.6850000e+01
   2.6448300e+03   2.6620000e+01
   2.6464100e+03   2.6660000e+01
   2.6495500e+03   2.6900000e+01
   2.6524400e+03   2.7130000e+01
   2.6553400e+03   2.7300000e+01
   2.6580000e+03   2.7440000e+01
   2.6616200e+03   2.7670000e+01
   2.6645200e+03   2.7440000e+01
   2.6669300e+03   2.7150000e+01
   2.6698300e+03   2.6940000e+01
   2.6724900e+03   2.7070000e+01
   2.6756300e+03   2.7340000e+01
   2.6790100e+03   2.7530000e+01
   2.6819000e+03   2.7610000e+01
   2.6843200e+03   2.7420000e+01
   2.6872200e+03   2.7130000e+01
   2.6891300e+03   2.7030000e+01
   2.6905600e+03   2.6750000e+01
   2.6917600e+03   2.6760000e+01
   2.6931900e+03   2.7070000e+01
   2.6945000e+03   2.7200000e+01
   2.6960500e+03   2.7530000e+01
   2.6977200e+03   2.7510000e+01
   2.6989100e+03   2.7400000e+01
   2.7003400e+03   2.7390000e+01
   2.7017700e+03   2.7060000e+01
   2.7032100e+03   2.6710000e+01
   2.7046400e+03   2.6790000e+01
   2.7063100e+03   2.6240000e+01
   2.7075000e+03   2.5840000e+01
   2.7105200e+03   2.5980000e+01
   2.7126700e+03   2.6000000e+01
   2.7156900e+03   2.6280000e+01
   2.7178500e+03   2.6490000e+01
   2.7204400e+03   2.6710000e+01
   2.7234500e+03   2.6950000e+01
   2.7260400e+03   2.7030000e+01
   2.7286300e+03   2.7390000e+01
   2.7307800e+03   2.7390000e+01
   2.7333700e+03   2.7350000e+01
   2.7357400e+03   2.7340000e+01
   2.7385400e+03   2.7330000e+01
   2.7415600e+03   2.7410000e+01
   2.7437200e+03   2.7380000e+01
   2.7463100e+03   2.7540000e+01
   2.7493200e+03   2.7680000e+01
   2.7519100e+03   2.7800000e+01
   2.7566500e+03   2.7920000e+01
   2.7592400e+03   2.7870000e+01
   2.7618300e+03   2.7740000e+01
   2.7644100e+03   2.7500000e+01
   2.7674300e+03   2.7240000e+01
   2.7691600e+03   2.7130000e+01
   2.7721800e+03   2.7100000e+01
   2.7741900e+03   2.6980000e+01
   2.7765100e+03   2.7330000e+01
   2.7782400e+03   2.7290000e+01
   2.7796900e+03   2.7450000e+01
   2.7814300e+03   2.7520000e+01
   2.7834500e+03   2.7480000e+01
   2.7849000e+03   2.7410000e+01
   2.7866400e+03   2.7340000e+01
   2.7883800e+03   2.7340000e+01
   2.7901100e+03   2.7230000e+01
   2.7918500e+03   2.7370000e+01
   2.7935900e+03   2.7400000e+01
   2.7953200e+03   2.7470000e+01
   2.7967700e+03   2.7450000e+01
   2.7988000e+03   2.7490000e+01
   2.8005400e+03   2.7380000e+01
   2.8016900e+03   2.7240000e+01
   2.8037200e+03   2.7090000e+01
   2.8084300e+03   2.7020000e+01
   2.8125600e+03   2.7030000e+01
   2.8175200e+03   2.7200000e+01
   2.8233000e+03   2.7420000e+01
   2.8255800e+03   2.7420000e+01
   2.8278600e+03   2.7490000e+01
   2.8297600e+03   2.7510000e+01
   2.8320300e+03   2.7550000e+01
   2.8343100e+03   2.7620000e+01
   2.8365900e+03   2.7560000e+01
   2.8392500e+03   2.7590000e+01
   2.8415300e+03   2.7360000e+01
   2.8434300e+03   2.7150000e+01
   2.8457100e+03   2.7080000e+01
   2.8483600e+03   2.7100000e+01
   2.8502600e+03   2.7170000e+01
   2.8525400e+03   2.7340000e+01
   2.8548200e+03   2.7410000e+01
   2.8571000e+03   2.7370000e+01
   2.8593800e+03   2.7240000e+01
   2.8616500e+03   2.7210000e+01
   2.8639300e+03   2.7260000e+01
   2.8662100e+03   2.7290000e+01
   2.8684900e+03   2.7290000e+01
   2.8711500e+03   2.7400000e+01
   2.8730500e+03   2.7420000e+01
   2.8753300e+03   2.7310000e+01
   2.8779800e+03   2.6940000e+01
   2.8798800e+03   2.6780000e+01
   2.8821600e+03   2.6730000e+01
   2.8844400e+03   2.6750000e+01
   2.8867200e+03   2.7000000e+01
   2.8890000e+03   2.7180000e+01
   2.8916600e+03   2.7390000e+01
   2.8935500e+03   2.7580000e+01
   2.8958300e+03   2.7480000e+01
   2.8981100e+03   2.7380000e+01
   2.9003900e+03   2.6940000e+01
   2.9030500e+03   2.6680000e+01
   2.9049500e+03   2.6650000e+01
   2.9076000e+03   2.6640000e+01
   2.9095000e+03   2.6730000e+01
   2.9117800e+03   2.6820000e+01
   2.9140600e+03   2.7060000e+01
   2.9167200e+03   2.6840000e+01
   2.9190000e+03   2.6830000e+01
   2.9209000e+03   2.6800000e+01
   2.9231700e+03   2.6590000e+01
   2.9254500e+03   2.6520000e+01
   2.9277000e+03   2.6280000e+01
   2.9302100e+03   2.6640000e+01
   2.9320000e+03   2.6890000e+01
   2.9341500e+03   2.7180000e+01
   2.9363000e+03   2.7370000e+01
   2.9384500e+03   2.7410000e+01
   2.9406000e+03   2.7610000e+01
   2.9427500e+03   2.7580000e+01
   2.9449000e+03   2.7500000e+01
   2.9470500e+03   2.7290000e+01
   2.9492000e+03   2.7100000e+01
   2.9520700e+03   2.7130000e+01
   2.9538600e+03   2.7060000e+01
   2.9556500e+03   2.7060000e+01
   2.9574400e+03   2.7130000e+01
   2.9603100e+03   2.7410000e+01
   2.9624600e+03   2.7530000e+01
   2.9642500e+03   2.7530000e+01
   2.9664000e+03   2.7520000e+01
   2.9685500e+03   2.7330000e+01
   2.9707000e+03   2.7110000e+01
   2.9732100e+03   2.6870000e+01
   2.9750000e+03   2.6590000e+01
   2.9781700e+03   2.6760000e+01
   2.9813300e+03   2.6850000e+01
   2.9845000e+03   2.7020000e+01
   2.9876700e+03   2.7250000e+01
   2.9908300e+03   2.7370000e+01
   2.9940000e+03   2.7470000e+01
   2.9971700e+03   2.7460000e+01
   3.0003300e+03   2.7270000e+01
   3.0040300e+03   2.7020000e+01
   3.0071900e+03   2.6470000e+01
   3.0098300e+03   2.6590000e+01
   3.0130000e+03   2.6260000e+01
   3.0156000e+03   2.6440000e+01
   3.0186300e+03   2.6680000e+01
   3.0212200e+03   2.6820000e+01
   3.0233900e+03   2.7010000e+01
   3.0259900e+03   2.7250000e+01
   3.0285800e+03   2.7340000e+01
   3.0316100e+03   2.7330000e+01
   3.0342100e+03   2.6980000e+01
   3.0363700e+03   2.6820000e+01
   3.0389700e+03   2.6630000e+01
   3.0420000e+03   2.6580000e+01
   3.0437300e+03   2.6630000e+01
   3.0451800e+03   2.6770000e+01
   3.0469200e+03   2.6920000e+01
   3.0486500e+03   2.7170000e+01
   3.0503900e+03   2.7300000e+01
   3.0524100e+03   2.7410000e+01
   3.0538600e+03   2.7620000e+01
   3.0558800e+03   2.7580000e+01
   3.0573300e+03   2.7500000e+01
   3.0590600e+03   2.7260000e+01
   3.0610800e+03   2.6850000e+01
   3.0625300e+03   2.6980000e+01
   3.0642700e+03   2.6860000e+01
   3.0660000e+03   2.6730000e+01
   3.0671700e+03   2.6820000e+01
   3.0690500e+03   2.7090000e+01
   3.0702200e+03   2.7370000e+01
   3.0716300e+03   2.7580000e+01
   3.0728000e+03   2.7570000e+01
   3.0746800e+03   2.7340000e+01
   3.0760800e+03   2.7170000e+01
   3.0772600e+03   2.7100000e+01
   3.0786600e+03   2.7130000e+01
   3.0800700e+03   2.7210000e+01
   3.0814800e+03   2.7130000e+01
   3.0828800e+03   2.7260000e+01
   3.0842900e+03   2.7450000e+01
   3.0859300e+03   2.7720000e+01
   3.0871000e+03   2.7750000e+01
   3.0887400e+03   2.7860000e+01
   3.0903900e+03   2.7690000e+01
   3.0927300e+03   2.7560000e+01
   3.0941400e+03   2.7560000e+01
   3.0955400e+03   2.7310000e+01
   3.0971900e+03   2.7240000e+01
   3.0985900e+03   2.7230000e+01
   3.1000000e+03   2.7180000e+01
   3.1015200e+03   2.7140000e+01
   3.1027900e+03   2.7180000e+01
   3.1045600e+03   2.7300000e+01
   3.1060800e+03   2.7460000e+01
   3.1073500e+03   2.7310000e+01
   3.1088700e+03   2.7390000e+01
   3.1106400e+03   2.7780000e+01
   3.1121600e+03   2.7750000e+01
   3.1136800e+03   2.7480000e+01
   3.1149500e+03   2.7490000e+01
   3.1167200e+03   2.7250000e+01
   3.1184900e+03   2.7270000e+01
   3.1197600e+03   2.7640000e+01
   3.1210300e+03   2.7220000e+01
   3.1225500e+03   2.7080000e+01
   3.1240700e+03   2.7200000e+01
   3.1255900e+03   2.7300000e+01
   3.1271100e+03   2.7340000e+01
   3.1288800e+03   2.7470000e+01
   3.1306500e+03   2.7600000e+01
   3.1319200e+03   2.7350000e+01
   3.1334400e+03   2.7150000e+01
   3.1349600e+03   2.6910000e+01
   3.1364800e+03   2.6600000e+01
   3.1380000e+03   2.6910000e+01
   3.1478200e+03   2.6900000e+01
   3.1490500e+03   2.7460000e+01
   3.1510900e+03   2.7470000e+01
   3.1527300e+03   2.7460000e+01
   3.1543600e+03   2.7480000e+01
   3.1560000e+03   2.7480000e+01
   3.1579700e+03   2.7530000e+01
   3.1599400e+03   2.7460000e+01
   3.1619100e+03   2.7280000e+01
   3.1643700e+03   2.7320000e+01
   3.1663400e+03   2.7240000e+01
   3.1678200e+03   2.7210000e+01
   3.1697800e+03   2.7190000e+01
   3.1722500e+03   2.7040000e+01
   3.1742200e+03   2.6930000e+01
   3.1761800e+03   2.7020000e+01
   3.1776600e+03   2.6670000e+01
   3.1796300e+03   2.6730000e+01
   3.1816000e+03   2.6950000e+01
   3.1860300e+03   2.6930000e+01
   3.1880000e+03   2.7270000e+01
   3.1899300e+03   2.7300000e+01
   3.1913900e+03   2.7320000e+01
   3.1938000e+03   2.7290000e+01
   3.1952600e+03   2.7360000e+01
   3.1971900e+03   2.7450000e+01
   3.1991300e+03   2.7320000e+01
   3.2010600e+03   2.7280000e+01
   3.2030000e+03   2.7240000e+01
   3.2054100e+03   2.7160000e+01
   3.2073500e+03   2.7120000e+01
   3.2092800e+03   2.7110000e+01
   3.2107300e+03   2.7060000e+01
   3.2126700e+03   2.7090000e+01
   3.2141200e+03   2.7120000e+01
   3.2165400e+03   2.7190000e+01
   3.2194400e+03   2.7170000e+01
   3.2223400e+03   2.7030000e+01
   3.2252500e+03   2.7370000e+01
   3.2286300e+03   2.7540000e+01
   3.2315300e+03   2.7460000e+01
   3.2339500e+03   2.7130000e+01
   3.2373400e+03   2.6990000e+01
   3.2431400e+03   2.7240000e+01
   3.2455600e+03   2.6900000e+01
   3.2484700e+03   2.6980000e+01
   3.2513700e+03   2.7080000e+01
   3.2542700e+03   2.7280000e+01
   3.2581400e+03   2.7130000e+01
   3.2605600e+03   2.7070000e+01
   3.2629800e+03   2.6910000e+01
   3.2658800e+03   2.6840000e+01
   3.2692700e+03   2.6910000e+01
   3.2716800e+03   2.7020000e+01
   3.2745900e+03   2.6800000e+01
   3.2779700e+03   2.6730000e+01
   3.2808700e+03   2.6470000e+01
   3.2837800e+03   2.6760000e+01
   3.2866800e+03   2.6450000e+01
   3.2891000e+03   2.6540000e+01
   3.2920000e+03   2.6460000e+01
   3.2942400e+03   2.6490000e+01
   3.2964800e+03   2.6810000e+01
   3.2983500e+03   2.6880000e+01
   3.3005900e+03   2.5840000e+01
   3.3032100e+03   2.6180000e+01
   3.3050800e+03   2.6860000e+01
   3.3076900e+03   2.7220000e+01
   3.3099300e+03   2.7400000e+01
   3.3121800e+03   2.6400000e+01
   3.3144200e+03   2.6300000e+01
   3.3166600e+03   2.6500000e+01
   3.3192700e+03   2.7130000e+01
   3.3211400e+03   2.6490000e+01
   3.3237600e+03   2.5830000e+01
   3.3260000e+03   2.5870000e+01
   3.3278700e+03   2.5560000e+01
   3.3304800e+03   2.6160000e+01
