  -0.0000000e+00   2.9663686e+02
   1.0000000e+00   2.9630634e+02
   2.0000000e+00   2.9503611e+02
   3.0000000e+00   2.9295408e+02
   4.0000000e+00   2.9021023e+02
   5.0000000e+00   2.8689736e+02
   6.0000000e+00   2.8340089e+02
   7.0000000e+00   2.7995506e+02
   8.0000000e+00   2.7679280e+02
   9.0000000e+00   2.7424697e+02
   1.0000000e+01   2.7252321e+02
   1.1000000e+01   2.7166888e+02
   1.2000000e+01   2.7191700e+02
   1.3000000e+01   2.7316893e+02
   1.4000000e+01   2.7536175e+02
   1.5000000e+01   2.7840461e+02
   1.6000000e+01   2.8206684e+02
   1.7000000e+01   2.8605578e+02
   1.8000000e+01   2.9016451e+02
   1.9000000e+01   2.9406787e+02
   2.0000000e+01   2.9743562e+02
   2.1000000e+01   3.0015335e+02
   2.2000000e+01   3.0196118e+02
   2.3000000e+01   3.0277587e+02
   2.4000000e+01   3.0264686e+02
   2.5000000e+01   3.0164446e+02
   2.6000000e+01   2.9982583e+02
   2.7000000e+01   2.9757945e+02
   2.8000000e+01   2.9495549e+02
   2.9000000e+01   2.9227545e+02
   3.0000000e+01   2.8975272e+02
   3.1000000e+01   2.8752581e+02
   3.2000000e+01   2.8568562e+02
   3.3000000e+01   2.8439249e+02
   3.4000000e+01   2.8356117e+02
   3.5000000e+01   2.8319129e+02
   3.6000000e+01   2.8327130e+02
   3.7000000e+01   2.8366052e+02
   3.8000000e+01   2.8426555e+02
   3.9000000e+01   2.8508123e+02
   4.0000000e+01   2.8591363e+02
   4.1000000e+01   2.8675211e+02
   4.2000000e+01   2.8755287e+02
   4.3000000e+01   2.8821496e+02
   4.4000000e+01   2.8870847e+02
   4.5000000e+01   2.8908007e+02
   4.6000000e+01   2.8917006e+02
   4.7000000e+01   2.8907392e+02
   4.8000000e+01   2.8873509e+02
   4.9000000e+01   2.8813886e+02
   5.0000000e+01   2.8726645e+02
   5.1000000e+01   2.8624330e+02
   5.2000000e+01   2.8493477e+02
   5.3000000e+01   2.8353035e+02
   5.4000000e+01   2.8207195e+02
   5.5000000e+01   2.8060103e+02
   5.6000000e+01   2.7929000e+02
   5.7000000e+01   2.7827675e+02
   5.8000000e+01   2.7759902e+02
   5.9000000e+01   2.7747955e+02
   6.0000000e+01   2.7797751e+02
   6.1000000e+01   2.7912022e+02
   6.2000000e+01   2.8101537e+02
   6.3000000e+01   2.8358527e+02
   6.4000000e+01   2.8674239e+02
   6.5000000e+01   2.9035680e+02
   6.6000000e+01   2.9425683e+02
   6.7000000e+01   2.9809763e+02
   6.8000000e+01   3.0171656e+02
   6.9000000e+01   3.0475123e+02
   7.0000000e+01   3.0694382e+02
   7.1000000e+01   3.0810819e+02
   7.2000000e+01   3.0809645e+02
   7.3000000e+01   3.0678572e+02
   7.4000000e+01   3.0433998e+02
   7.5000000e+01   3.0079276e+02
   7.6000000e+01   2.9643378e+02
   7.7000000e+01   2.9153743e+02
   7.8000000e+01   2.8646161e+02
   7.9000000e+01   2.8150680e+02
   8.0000000e+01   2.7708068e+02
   8.1000000e+01   2.7342066e+02
   8.2000000e+01   2.7079413e+02
   8.3000000e+01   2.6937994e+02
   8.4000000e+01   2.6926962e+02
   8.5000000e+01   2.7044138e+02
   8.6000000e+01   2.7287439e+02
   8.7000000e+01   2.7635145e+02
   8.8000000e+01   2.8065947e+02
   8.9000000e+01   2.8547639e+02
   9.0000000e+01   2.9045443e+02
   9.1000000e+01   2.9516206e+02
   9.2000000e+01   2.9926740e+02
   9.3000000e+01   3.0235633e+02
   9.4000000e+01   3.0416671e+02
   9.5000000e+01   3.0449817e+02
   9.6000000e+01   3.0330181e+02
   9.7000000e+01   3.0057325e+02
   9.8000000e+01   2.9663385e+02
   9.9000000e+01   2.9167692e+02
   1.0000000e+02   2.8620267e+02
   1.0100000e+02   2.8068778e+02
   1.0200000e+02   2.7558736e+02
   1.0300000e+02   2.7141614e+02
   1.0400000e+02   2.6860994e+02
   1.0500000e+02   2.6744523e+02
   1.0600000e+02   2.6817164e+02
   1.0700000e+02   2.7084330e+02
   1.0800000e+02   2.7532996e+02
   1.0900000e+02   2.8140506e+02
   1.1000000e+02   2.8858946e+02
   1.1100000e+02   2.9634133e+02
   1.1200000e+02   3.0393931e+02
   1.1300000e+02   3.1073038e+02
   1.1400000e+02   3.1597813e+02
   1.1500000e+02   3.1921562e+02
   1.1600000e+02   3.2004889e+02
   1.1700000e+02   3.1842233e+02
   1.1800000e+02   3.1447760e+02
   1.1900000e+02   3.0859113e+02
   1.2000000e+02   3.0133074e+02
   1.2100000e+02   2.9331565e+02
   1.2200000e+02   2.8522179e+02
   1.2300000e+02   2.7765883e+02
   1.2400000e+02   2.7114104e+02
   1.2500000e+02   2.6607280e+02
   1.2600000e+02   2.6272190e+02
   1.2700000e+02   2.6118906e+02
   1.2800000e+02   2.6150582e+02
   1.2900000e+02   2.6354807e+02
   1.3000000e+02   2.6707500e+02
   1.3100000e+02   2.7182694e+02
   1.3200000e+02   2.7740672e+02
   1.3300000e+02   2.8341326e+02
   1.3400000e+02   2.8941573e+02
   1.3500000e+02   2.9503278e+02
   1.3600000e+02   2.9981665e+02
   1.3700000e+02   3.0355847e+02
   1.3800000e+02   3.0598780e+02
   1.3900000e+02   3.0701181e+02
   1.4000000e+02   3.0667608e+02
   1.4100000e+02   3.0506124e+02
   1.4200000e+02   3.0238386e+02
   1.4300000e+02   2.9895158e+02
   1.4400000e+02   2.9501966e+02
   1.4500000e+02   2.9095590e+02
   1.4600000e+02   2.8704561e+02
   1.4700000e+02   2.8356161e+02
   1.4800000e+02   2.8069992e+02
   1.4900000e+02   2.7865061e+02
   1.5000000e+02   2.7746850e+02
   1.5100000e+02   2.7719455e+02
   1.5200000e+02   2.7781413e+02
   1.5300000e+02   2.7924394e+02
   1.5400000e+02   2.8134396e+02
   1.5500000e+02   2.8403131e+02
   1.5600000e+02   2.8706054e+02
   1.5700000e+02   2.9027961e+02
   1.5800000e+02   2.9349955e+02
   1.5900000e+02   2.9648578e+02
   1.6000000e+02   2.9904095e+02
   1.6100000e+02   3.0101193e+02
   1.6200000e+02   3.0219597e+02
   1.6300000e+02   3.0247182e+02
   1.6400000e+02   3.0179812e+02
   1.6500000e+02   3.0010661e+02
   1.6600000e+02   2.9744054e+02
   1.6700000e+02   2.9397848e+02
   1.6800000e+02   2.8979916e+02
   1.6900000e+02   2.8520761e+02
   1.7000000e+02   2.8047344e+02
   1.7100000e+02   2.7588830e+02
   1.7200000e+02   2.7176452e+02
   1.7300000e+02   2.6846925e+02
   1.7400000e+02   2.6618011e+02
   1.7500000e+02   2.6520301e+02
   1.7600000e+02   2.6566558e+02
   1.7700000e+02   2.6762385e+02
   1.7800000e+02   2.7106135e+02
   1.7900000e+02   2.7590484e+02
   1.8000000e+02   2.8182210e+02
   1.8100000e+02   2.8853598e+02
   1.8200000e+02   2.9565150e+02
   1.8300000e+02   3.0252264e+02
   1.8400000e+02   3.0877560e+02
   1.8500000e+02   3.1380412e+02
   1.8600000e+02   3.1713876e+02
   1.8700000e+02   3.1850322e+02
   1.8800000e+02   3.1776022e+02
   1.8900000e+02   3.1480538e+02
   1.9000000e+02   3.1005317e+02
   1.9100000e+02   3.0377032e+02
   1.9200000e+02   2.9652827e+02
   1.9300000e+02   2.8895759e+02
   1.9400000e+02   2.8167673e+02
   1.9500000e+02   2.7520747e+02
   1.9600000e+02   2.7013827e+02
   1.9700000e+02   2.6676661e+02
   1.9800000e+02   2.6530392e+02
   1.9900000e+02   2.6589703e+02
   2.0000000e+02   2.6840859e+02
   2.0100000e+02   2.7259696e+02
   2.0200000e+02   2.7819380e+02
   2.0300000e+02   2.8464230e+02
   2.0400000e+02   2.9143955e+02
   2.0500000e+02   2.9800894e+02
   2.0600000e+02   3.0378228e+02
   2.0700000e+02   3.0815879e+02
   2.0800000e+02   3.1088591e+02
   2.0900000e+02   3.1156164e+02
   2.1000000e+02   3.1015956e+02
   2.1100000e+02   3.0679467e+02
   2.1200000e+02   3.0172459e+02
   2.1300000e+02   2.9528370e+02
   2.1400000e+02   2.8814380e+02
   2.1500000e+02   2.8071788e+02
   2.1600000e+02   2.7366301e+02
   2.1700000e+02   2.6755728e+02
   2.1800000e+02   2.6281990e+02
   2.1900000e+02   2.5985948e+02
   2.2000000e+02   2.5901333e+02
   2.2100000e+02   2.6034158e+02
   2.2200000e+02   2.6387469e+02
   2.2300000e+02   2.6952177e+02
   2.2400000e+02   2.7685997e+02
   2.2500000e+02   2.8546096e+02
   2.2600000e+02   2.9474293e+02
   2.2700000e+02   3.0385608e+02
   2.2800000e+02   3.1207597e+02
   2.2900000e+02   3.1874086e+02
   2.3000000e+02   3.2304107e+02
   2.3100000e+02   3.2475740e+02
   2.3200000e+02   3.2372342e+02
   2.3300000e+02   3.2002280e+02
   2.3400000e+02   3.1418128e+02
   2.3500000e+02   3.0683939e+02
   2.3600000e+02   2.9858718e+02
   2.3700000e+02   2.9033797e+02
   2.3800000e+02   2.8267402e+02
   2.3900000e+02   2.7612480e+02
   2.4000000e+02   2.7111623e+02
   2.4100000e+02   2.6788976e+02
   2.4200000e+02   2.6638605e+02
   2.4300000e+02   2.6666750e+02
   2.4400000e+02   2.6843843e+02
   2.4500000e+02   2.7141135e+02
   2.4600000e+02   2.7528720e+02
   2.4700000e+02   2.7965430e+02
   2.4800000e+02   2.8408341e+02
   2.4900000e+02   2.8831312e+02
   2.5000000e+02   2.9197650e+02
   2.5100000e+02   2.9483394e+02
   2.5200000e+02   2.9679188e+02
   2.5300000e+02   2.9779066e+02
   2.5400000e+02   2.9777183e+02
   2.5500000e+02   2.9697592e+02
   2.5600000e+02   2.9544794e+02
   2.5700000e+02   2.9338868e+02
   2.5800000e+02   2.9105172e+02
   2.5900000e+02   2.8860414e+02
   2.6000000e+02   2.8614511e+02
   2.6100000e+02   2.8398860e+02
   2.6200000e+02   2.8208949e+02
   2.6300000e+02   2.8060192e+02
   2.6400000e+02   2.7960828e+02
   2.6500000e+02   2.7908695e+02
   2.6600000e+02   2.7905534e+02
   2.6700000e+02   2.7958503e+02
   2.6800000e+02   2.8059688e+02
   2.6900000e+02   2.8206876e+02
   2.7000000e+02   2.8407409e+02
   2.7100000e+02   2.8643807e+02
   2.7200000e+02   2.8915326e+02
   2.7300000e+02   2.9213958e+02
   2.7400000e+02   2.9520422e+02
   2.7500000e+02   2.9816826e+02
   2.7600000e+02   3.0093397e+02
   2.7700000e+02   3.0312829e+02
   2.7800000e+02   3.0465116e+02
   2.7900000e+02   3.0530925e+02
   2.8000000e+02   3.0489080e+02
   2.8100000e+02   3.0338390e+02
   2.8200000e+02   3.0083426e+02
   2.8300000e+02   2.9726181e+02
   2.8400000e+02   2.9291803e+02
   2.8500000e+02   2.8811719e+02
   2.8600000e+02   2.8306215e+02
   2.8700000e+02   2.7820889e+02
   2.8800000e+02   2.7389683e+02
   2.8900000e+02   2.7035379e+02
   2.9000000e+02   2.6796004e+02
   2.9100000e+02   2.6685615e+02
   2.9200000e+02   2.6713215e+02
   2.9300000e+02   2.6884948e+02
   2.9400000e+02   2.7191503e+02
   2.9500000e+02   2.7609487e+02
   2.9600000e+02   2.8119558e+02
   2.9700000e+02   2.8680253e+02
   2.9800000e+02   2.9251248e+02
   2.9900000e+02   2.9789446e+02
   3.0000000e+02   3.0252914e+02
   3.0100000e+02   3.0595774e+02
   3.0200000e+02   3.0796158e+02
   3.0300000e+02   3.0832844e+02
   3.0400000e+02   3.0698000e+02
   3.0500000e+02   3.0412385e+02
   3.0600000e+02   2.9997659e+02
   3.0700000e+02   2.9490675e+02
   3.0800000e+02   2.8946490e+02
   3.0900000e+02   2.8408519e+02
   3.1000000e+02   2.7928632e+02
   3.1100000e+02   2.7551418e+02
   3.1200000e+02   2.7311712e+02
   3.1300000e+02   2.7226263e+02
   3.1400000e+02   2.7310778e+02
   3.1500000e+02   2.7553050e+02
   3.1600000e+02   2.7932353e+02
   3.1700000e+02   2.8417635e+02
   3.1800000e+02   2.8962340e+02
   3.1900000e+02   2.9512172e+02
   3.2000000e+02   3.0021780e+02
   3.2100000e+02   3.0434253e+02
   3.2200000e+02   3.0710788e+02
   3.2300000e+02   3.0827832e+02
   3.2400000e+02   3.0767989e+02
   3.2500000e+02   3.0538094e+02
   3.2600000e+02   3.0161244e+02
   3.2700000e+02   2.9666492e+02
   3.2800000e+02   2.9097268e+02
   3.2900000e+02   2.8503196e+02
   3.3000000e+02   2.7926606e+02
   3.3100000e+02   2.7410774e+02
   3.3200000e+02   2.6999055e+02
   3.3300000e+02   2.6709156e+02
   3.3400000e+02   2.6569296e+02
   3.3500000e+02   2.6583131e+02
   3.3600000e+02   2.6748678e+02
   3.3700000e+02   2.7054437e+02
   3.3800000e+02   2.7479133e+02
   3.3900000e+02   2.7986498e+02
   3.4000000e+02   2.8543930e+02
   3.4100000e+02   2.9103262e+02
   3.4200000e+02   2.9622768e+02
   3.4300000e+02   3.0059886e+02
   3.4400000e+02   3.0380543e+02
   3.4500000e+02   3.0563788e+02
   3.4600000e+02   3.0596463e+02
   3.4700000e+02   3.0492146e+02
   3.4800000e+02   3.0263522e+02
   3.4900000e+02   2.9951284e+02
   3.5000000e+02   2.9588085e+02
   3.5100000e+02   2.9221368e+02
   3.5200000e+02   2.8883821e+02
   3.5300000e+02   2.8613792e+02
   3.5400000e+02   2.8425933e+02
   3.5500000e+02   2.8333578e+02
   3.5600000e+02   2.8331809e+02
   3.5700000e+02   2.8409319e+02
   3.5800000e+02   2.8540566e+02
   3.5900000e+02   2.8703303e+02
   3.6000000e+02   2.8864697e+02
   3.6100000e+02   2.8999739e+02
   3.6200000e+02   2.9087782e+02
   3.6300000e+02   2.9114119e+02
   3.6400000e+02   2.9072614e+02
   3.6500000e+02   2.8970760e+02
   3.6600000e+02   2.8816506e+02
   3.6700000e+02   2.8631994e+02
   3.6800000e+02   2.8433752e+02
   3.6900000e+02   2.8251208e+02
   3.7000000e+02   2.8095495e+02
   3.7100000e+02   2.7992538e+02
   3.7200000e+02   2.7944830e+02
   3.7300000e+02   2.7961552e+02
   3.7400000e+02   2.8036636e+02
   3.7500000e+02   2.8162774e+02
   3.7600000e+02   2.8320911e+02
   3.7700000e+02   2.8497657e+02
   3.7800000e+02   2.8666769e+02
   3.7900000e+02   2.8812153e+02
   3.8000000e+02   2.8915661e+02
   3.8100000e+02   2.8968003e+02
   3.8200000e+02   2.8962969e+02
   3.8300000e+02   2.8908871e+02
   3.8400000e+02   2.8814586e+02
   3.8500000e+02   2.8698046e+02
   3.8600000e+02   2.8584659e+02
   3.8700000e+02   2.8493780e+02
   3.8800000e+02   2.8447407e+02
   3.8900000e+02   2.8464402e+02
   3.9000000e+02   2.8549838e+02
   3.9100000e+02   2.8705284e+02
   3.9200000e+02   2.8924821e+02
   3.9300000e+02   2.9184286e+02
   3.9400000e+02   2.9463042e+02
   3.9500000e+02   2.9730003e+02
   3.9600000e+02   2.9955281e+02
   3.9700000e+02   3.0106428e+02
   3.9800000e+02   3.0172750e+02
   3.9900000e+02   3.0129340e+02
   4.0000000e+02   2.9986028e+02
   4.0100000e+02   2.9749344e+02
   4.0200000e+02   2.9440255e+02
   4.0300000e+02   2.9084180e+02
   4.0400000e+02   2.8720580e+02
   4.0500000e+02   2.8368335e+02
   4.0600000e+02   2.8066028e+02
   4.0700000e+02   2.7831639e+02
   4.0800000e+02   2.7678865e+02
   4.0900000e+02   2.7614918e+02
   4.1000000e+02   2.7641177e+02
   4.1100000e+02   2.7741319e+02
   4.1200000e+02   2.7904198e+02
   4.1300000e+02   2.8110664e+02
   4.1400000e+02   2.8330160e+02
   4.1500000e+02   2.8545319e+02
   4.1600000e+02   2.8736912e+02
   4.1700000e+02   2.8875935e+02
   4.1800000e+02   2.8965698e+02
   4.1900000e+02   2.8992148e+02
   4.2000000e+02   2.8959434e+02
   4.2100000e+02   2.8878088e+02
   4.2200000e+02   2.8765833e+02
   4.2300000e+02   2.8631669e+02
   4.2400000e+02   2.8508355e+02
   4.2500000e+02   2.8406692e+02
   4.2600000e+02   2.8346110e+02
   4.2700000e+02   2.8340294e+02
   4.2800000e+02   2.8396255e+02
   4.2900000e+02   2.8507545e+02
   4.3000000e+02   2.8674374e+02
   4.3100000e+02   2.8878926e+02
   4.3200000e+02   2.9095965e+02
   4.3300000e+02   2.9315136e+02
   4.3400000e+02   2.9501873e+02
   4.3500000e+02   2.9638704e+02
   4.3600000e+02   2.9712823e+02
   4.3700000e+02   2.9713719e+02
   4.3800000e+02   2.9634966e+02
   4.3900000e+02   2.9497405e+02
   4.4000000e+02   2.9304895e+02
   4.4100000e+02   2.9081315e+02
   4.4200000e+02   2.8854844e+02
   4.4300000e+02   2.8642966e+02
   4.4400000e+02   2.8464353e+02
   4.4500000e+02   2.8345060e+02
   4.4600000e+02   2.8283235e+02
   4.4700000e+02   2.8284731e+02
   4.4800000e+02   2.8352991e+02
   4.4900000e+02   2.8465477e+02
   4.5000000e+02   2.8612285e+02
   4.5100000e+02   2.8777866e+02
   4.5200000e+02   2.8929720e+02
   4.5300000e+02   2.9054541e+02
   4.5400000e+02   2.9133279e+02
   4.5500000e+02   2.9146338e+02
   4.5600000e+02   2.9087733e+02
   4.5700000e+02   2.8964263e+02
   4.5800000e+02   2.8772201e+02
   4.5900000e+02   2.8535722e+02
   4.6000000e+02   2.8278552e+02
   4.6100000e+02   2.8020867e+02
   4.6200000e+02   2.7797231e+02
   4.6300000e+02   2.7639868e+02
   4.6400000e+02   2.7562860e+02
   4.6500000e+02   2.7595179e+02
   4.6600000e+02   2.7744922e+02
   4.6700000e+02   2.8004515e+02
   4.6800000e+02   2.8369546e+02
   4.6900000e+02   2.8815039e+02
   4.7000000e+02   2.9298728e+02
   4.7100000e+02   2.9786514e+02
   4.7200000e+02   3.0229781e+02
   4.7300000e+02   3.0575807e+02
   4.7400000e+02   3.0791772e+02
   4.7500000e+02   3.0852150e+02
   4.7600000e+02   3.0731298e+02
   4.7700000e+02   3.0452055e+02
   4.7800000e+02   3.0028903e+02
   4.7900000e+02   2.9497215e+02
   4.8000000e+02   2.8914809e+02
   4.8100000e+02   2.8330273e+02
   4.8200000e+02   2.7790919e+02
   4.8300000e+02   2.7354453e+02
   4.8400000e+02   2.7050437e+02
   4.8500000e+02   2.6899618e+02
   4.8600000e+02   2.6923815e+02
   4.8700000e+02   2.7110634e+02
   4.8800000e+02   2.7441693e+02
   4.8900000e+02   2.7894977e+02
   4.9000000e+02   2.8422172e+02
   4.9100000e+02   2.8972835e+02
   4.9200000e+02   2.9506387e+02
   4.9300000e+02   2.9960598e+02
   4.9400000e+02   3.0293451e+02
   4.9500000e+02   3.0483553e+02
   4.9600000e+02   3.0497593e+02
   4.9700000e+02   3.0346283e+02
   4.9800000e+02   3.0044963e+02
   4.9900000e+02   2.9623336e+02
   5.0000000e+02   2.9122016e+02
   5.0100000e+02   2.8599759e+02
   5.0200000e+02   2.8095525e+02
   5.0300000e+02   2.7661376e+02
   5.0400000e+02   2.7339022e+02
   5.0500000e+02   2.7149621e+02
   5.0600000e+02   2.7112116e+02
   5.0700000e+02   2.7232574e+02
   5.0800000e+02   2.7494234e+02
   5.0900000e+02   2.7874289e+02
   5.1000000e+02   2.8347692e+02
   5.1100000e+02   2.8859089e+02
   5.1200000e+02   2.9375142e+02
   5.1300000e+02   2.9846658e+02
   5.1400000e+02   3.0233592e+02
   5.1500000e+02   3.0503451e+02
   5.1600000e+02   3.0649016e+02
   5.1700000e+02   3.0649893e+02
   5.1800000e+02   3.0527882e+02
   5.1900000e+02   3.0301462e+02
   5.2000000e+02   2.9990263e+02
   5.2100000e+02   2.9634461e+02
   5.2200000e+02   2.9264830e+02
   5.2300000e+02   2.8900274e+02
   5.2400000e+02   2.8573149e+02
   5.2500000e+02   2.8294433e+02
   5.2600000e+02   2.8068257e+02
   5.2700000e+02   2.7902262e+02
   5.2800000e+02   2.7792672e+02
   5.2900000e+02   2.7726892e+02
   5.3000000e+02   2.7706095e+02
   5.3100000e+02   2.7716232e+02
   5.3200000e+02   2.7751383e+02
   5.3300000e+02   2.7807915e+02
   5.3400000e+02   2.7886998e+02
   5.3500000e+02   2.7976474e+02
   5.3600000e+02   2.8093038e+02
   5.3700000e+02   2.8227097e+02
   5.3800000e+02   2.8381094e+02
   5.3900000e+02   2.8558956e+02
   5.4000000e+02   2.8753757e+02
   5.4100000e+02   2.8955143e+02
   5.4200000e+02   2.9162602e+02
   5.4300000e+02   2.9352988e+02
   5.4400000e+02   2.9514701e+02
   5.4500000e+02   2.9634247e+02
   5.4600000e+02   2.9693476e+02
   5.4700000e+02   2.9679046e+02
   5.4800000e+02   2.9593254e+02
   5.4900000e+02   2.9429946e+02
   5.5000000e+02   2.9200615e+02
   5.5100000e+02   2.8928595e+02
   5.5200000e+02   2.8631170e+02
   5.5300000e+02   2.8341506e+02
   5.5400000e+02   2.8092744e+02
   5.5500000e+02   2.7910374e+02
   5.5600000e+02   2.7820001e+02
   5.5700000e+02   2.7843366e+02
   5.5800000e+02   2.7981061e+02
   5.5900000e+02   2.8235732e+02
   5.6000000e+02   2.8587989e+02
   5.6100000e+02   2.9016980e+02
   5.6200000e+02   2.9480095e+02
   5.6300000e+02   2.9946246e+02
   5.6400000e+02   3.0359887e+02
   5.6500000e+02   3.0686557e+02
   5.6600000e+02   3.0884831e+02
   5.6700000e+02   3.0930003e+02
   5.6800000e+02   3.0804981e+02
   5.6900000e+02   3.0518027e+02
   5.7000000e+02   3.0077546e+02
   5.7100000e+02   2.9520444e+02
   5.7200000e+02   2.8884930e+02
   5.7300000e+02   2.8218467e+02
   5.7400000e+02   2.7571958e+02
   5.7500000e+02   2.6996130e+02
   5.7600000e+02   2.6531853e+02
   5.7700000e+02   2.6216806e+02
   5.7800000e+02   2.6078226e+02
   5.7900000e+02   2.6129098e+02
   5.8000000e+02   2.6369827e+02
   5.8100000e+02   2.6796105e+02
   5.8200000e+02   2.7372967e+02
   5.8300000e+02   2.8073885e+02
   5.8400000e+02   2.8840087e+02
   5.8500000e+02   2.9619067e+02
   5.8600000e+02   3.0342396e+02
   5.8700000e+02   3.0953554e+02
   5.8800000e+02   3.1388087e+02
   5.8900000e+02   3.1613867e+02
   5.9000000e+02   3.1600506e+02
   5.9100000e+02   3.1353205e+02
   5.9200000e+02   3.0894917e+02
   5.9300000e+02   3.0269231e+02
   5.9400000e+02   2.9538193e+02
   5.9500000e+02   2.8770323e+02
   5.9600000e+02   2.8039477e+02
   5.9700000e+02   2.7407198e+02
   5.9800000e+02   2.6935571e+02
   5.9900000e+02   2.6656968e+02
   6.0000000e+02   2.6602506e+02
   6.0100000e+02   2.6767115e+02
   6.0200000e+02   2.7144206e+02
   6.0300000e+02   2.7694574e+02
   6.0400000e+02   2.8370968e+02
   6.0500000e+02   2.9111130e+02
   6.0600000e+02   2.9846535e+02
   6.0700000e+02   3.0502497e+02
   6.0800000e+02   3.1022847e+02
   6.0900000e+02   3.1351122e+02
   6.1000000e+02   3.1459570e+02
   6.1100000e+02   3.1344539e+02
   6.1200000e+02   3.1016972e+02
   6.1300000e+02   3.0515694e+02
   6.1400000e+02   2.9892778e+02
   6.1500000e+02   2.9203180e+02
   6.1600000e+02   2.8511352e+02
   6.1700000e+02   2.7871125e+02
   6.1800000e+02   2.7331319e+02
   6.1900000e+02   2.6923184e+02
   6.2000000e+02   2.6676714e+02
   6.2100000e+02   2.6591043e+02
   6.2200000e+02   2.6669378e+02
   6.2300000e+02   2.6892647e+02
   6.2400000e+02   2.7236543e+02
   6.2500000e+02   2.7665632e+02
   6.2600000e+02   2.8147227e+02
   6.2700000e+02   2.8635260e+02
   6.2800000e+02   2.9097588e+02
   6.2900000e+02   2.9500271e+02
   6.3000000e+02   2.9817626e+02
   6.3100000e+02   3.0035478e+02
   6.3200000e+02   3.0152666e+02
   6.3300000e+02   3.0169352e+02
   6.3400000e+02   3.0101410e+02
   6.3500000e+02   2.9969386e+02
   6.3600000e+02   2.9788922e+02
   6.3700000e+02   2.9584035e+02
   6.3800000e+02   2.9373397e+02
   6.3900000e+02   2.9164435e+02
   6.4000000e+02   2.8971600e+02
   6.4100000e+02   2.8796264e+02
   6.4200000e+02   2.8636995e+02
   6.4300000e+02   2.8493614e+02
   6.4400000e+02   2.8365635e+02
   6.4500000e+02   2.8247416e+02
   6.4600000e+02   2.8143430e+02
   6.4700000e+02   2.8060515e+02
   6.4800000e+02   2.7996403e+02
   6.4900000e+02   2.7969925e+02
   6.5000000e+02   2.7984764e+02
   6.5100000e+02   2.8046609e+02
   6.5200000e+02   2.8165129e+02
   6.5300000e+02   2.8340204e+02
   6.5400000e+02   2.8560421e+02
   6.5500000e+02   2.8823810e+02
   6.5600000e+02   2.9107819e+02
   6.5700000e+02   2.9388226e+02
   6.5800000e+02   2.9645670e+02
   6.5900000e+02   2.9849018e+02
   6.6000000e+02   2.9972015e+02
   6.6100000e+02   2.9999397e+02
   6.6200000e+02   2.9919804e+02
   6.6300000e+02   2.9722565e+02
   6.6400000e+02   2.9431467e+02
   6.6500000e+02   2.9057032e+02
   6.6600000e+02   2.8629450e+02
   6.6700000e+02   2.8194899e+02
   6.6800000e+02   2.7783138e+02
   6.6900000e+02   2.7437983e+02
   6.7000000e+02   2.7198677e+02
   6.7100000e+02   2.7089480e+02
   6.7200000e+02   2.7126256e+02
   6.7300000e+02   2.7326139e+02
   6.7400000e+02   2.7670260e+02
   6.7500000e+02   2.8144191e+02
   6.7600000e+02   2.8716352e+02
   6.7700000e+02   2.9338632e+02
   6.7800000e+02   2.9955089e+02
   6.7900000e+02   3.0522028e+02
   6.8000000e+02   3.0969009e+02
   6.8100000e+02   3.1260200e+02
   6.8200000e+02   3.1366014e+02
   6.8300000e+02   3.1262067e+02
   6.8400000e+02   3.0963098e+02
   6.8500000e+02   3.0493359e+02
   6.8600000e+02   2.9890413e+02
   6.8700000e+02   2.9210481e+02
   6.8800000e+02   2.8514735e+02
   6.8900000e+02   2.7855246e+02
   6.9000000e+02   2.7286500e+02
   6.9100000e+02   2.6856411e+02
   6.9200000e+02   2.6585557e+02
   6.9300000e+02   2.6497275e+02
   6.9400000e+02   2.6595352e+02
   6.9500000e+02   2.6861870e+02
   6.9600000e+02   2.7276316e+02
   6.9700000e+02   2.7808997e+02
   6.9800000e+02   2.8400031e+02
   6.9900000e+02   2.9014024e+02
   7.0000000e+02   2.9590510e+02
   7.0100000e+02   3.0076327e+02
   7.0200000e+02   3.0434600e+02
   7.0300000e+02   3.0635603e+02
   7.0400000e+02   3.0653391e+02
   7.0500000e+02   3.0500910e+02
   7.0600000e+02   3.0193270e+02
   7.0700000e+02   2.9755131e+02
   7.0800000e+02   2.9242423e+02
   7.0900000e+02   2.8700834e+02
   7.1000000e+02   2.8175160e+02
   7.1100000e+02   2.7727840e+02
   7.1200000e+02   2.7391227e+02
   7.1300000e+02   2.7194533e+02
   7.1400000e+02   2.7165246e+02
   7.1500000e+02   2.7298960e+02
   7.1600000e+02   2.7584663e+02
   7.1700000e+02   2.8004583e+02
   7.1800000e+02   2.8514046e+02
   7.1900000e+02   2.9063831e+02
   7.2000000e+02   2.9610497e+02
   7.2100000e+02   3.0090894e+02
   7.2200000e+02   3.0459717e+02
   7.2300000e+02   3.0687997e+02
   7.2400000e+02   3.0751659e+02
   7.2500000e+02   3.0644460e+02
   7.2600000e+02   3.0400033e+02
   7.2700000e+02   3.0031640e+02
   7.2800000e+02   2.9593055e+02
   7.2900000e+02   2.9128791e+02
   7.3000000e+02   2.8682125e+02
   7.3100000e+02   2.8289505e+02
   7.3200000e+02   2.7990256e+02
   7.3300000e+02   2.7790862e+02
   7.3400000e+02   2.7703210e+02
   7.3500000e+02   2.7723367e+02
   7.3600000e+02   2.7830807e+02
   7.3700000e+02   2.8001594e+02
   7.3800000e+02   2.8214860e+02
   7.3900000e+02   2.8429076e+02
   7.4000000e+02   2.8620808e+02
   7.4100000e+02   2.8770999e+02
   7.4200000e+02   2.8853632e+02
   7.4300000e+02   2.8867011e+02
   7.4400000e+02   2.8820986e+02
   7.4500000e+02   2.8712150e+02
   7.4600000e+02   2.8576224e+02
   7.4700000e+02   2.8429285e+02
   7.4800000e+02   2.8297798e+02
   7.4900000e+02   2.8204729e+02
   7.5000000e+02   2.8177042e+02
   7.5100000e+02   2.8210365e+02
   7.5200000e+02   2.8323486e+02
   7.5300000e+02   2.8501498e+02
   7.5400000e+02   2.8726387e+02
   7.5500000e+02   2.8980453e+02
   7.5600000e+02   2.9233803e+02
   7.5700000e+02   2.9451209e+02
   7.5800000e+02   2.9611645e+02
   7.5900000e+02   2.9693615e+02
   7.6000000e+02   2.9675279e+02
   7.6100000e+02   2.9571475e+02
   7.6200000e+02   2.9382085e+02
   7.6300000e+02   2.9134260e+02
   7.6400000e+02   2.8856320e+02
   7.6500000e+02   2.8588190e+02
   7.6600000e+02   2.8350900e+02
   7.6700000e+02   2.8189822e+02
   7.6800000e+02   2.8115486e+02
   7.6900000e+02   2.8139464e+02
   7.7000000e+02   2.8267786e+02
   7.7100000e+02   2.8482549e+02
   7.7200000e+02   2.8758744e+02
   7.7300000e+02   2.9073297e+02
   7.7400000e+02   2.9381786e+02
   7.7500000e+02   2.9648415e+02
   7.7600000e+02   2.9844200e+02
   7.7700000e+02   2.9938642e+02
   7.7800000e+02   2.9915150e+02
   7.7900000e+02   2.9780366e+02
   7.8000000e+02   2.9533955e+02
   7.8100000e+02   2.9206192e+02
   7.8200000e+02   2.8826042e+02
   7.8300000e+02   2.8431655e+02
   7.8400000e+02   2.8053661e+02
   7.8500000e+02   2.7738759e+02
   7.8600000e+02   2.7501615e+02
   7.8700000e+02   2.7372642e+02
   7.8800000e+02   2.7357864e+02
   7.8900000e+02   2.7457909e+02
   7.9000000e+02   2.7660115e+02
   7.9100000e+02   2.7950205e+02
   7.9200000e+02   2.8294510e+02
   7.9300000e+02   2.8663279e+02
   7.9400000e+02   2.9023006e+02
   7.9500000e+02   2.9336259e+02
   7.9600000e+02   2.9575042e+02
   7.9700000e+02   2.9723279e+02
   7.9800000e+02   2.9763690e+02
   7.9900000e+02   2.9702516e+02
   8.0000000e+02   2.9554689e+02
   8.0100000e+02   2.9335920e+02
   8.0200000e+02   2.9082563e+02
   8.0300000e+02   2.8825762e+02
   8.0400000e+02   2.8592865e+02
   8.0500000e+02   2.8416472e+02
   8.0600000e+02   2.8313779e+02
   8.0700000e+02   2.8293610e+02
   8.0800000e+02   2.8359078e+02
   8.0900000e+02   2.8498312e+02
   8.1000000e+02   2.8691677e+02
   8.1100000e+02   2.8912589e+02
   8.1200000e+02   2.9136646e+02
   8.1300000e+02   2.9324666e+02
   8.1400000e+02   2.9460561e+02
   8.1500000e+02   2.9516528e+02
   8.1600000e+02   2.9486355e+02
   8.1700000e+02   2.9367684e+02
   8.1800000e+02   2.9172967e+02
   8.1900000e+02   2.8917044e+02
   8.2000000e+02   2.8632355e+02
   8.2100000e+02   2.8342922e+02
   8.2200000e+02   2.8083234e+02
   8.2300000e+02   2.7879773e+02
   8.2400000e+02   2.7756717e+02
   8.2500000e+02   2.7728768e+02
   8.2600000e+02   2.7802251e+02
   8.2700000e+02   2.7977053e+02
   8.2800000e+02   2.8236851e+02
   8.2900000e+02   2.8561576e+02
   8.3000000e+02   2.8922127e+02
   8.3100000e+02   2.9279569e+02
   8.3200000e+02   2.9601108e+02
   8.3300000e+02   2.9846375e+02
   8.3400000e+02   2.9989975e+02
   8.3500000e+02   3.0005837e+02
   8.3600000e+02   2.9895459e+02
   8.3700000e+02   2.9657090e+02
   8.3800000e+02   2.9320731e+02
   8.3900000e+02   2.8915229e+02
   8.4000000e+02   2.8485131e+02
   8.4100000e+02   2.8075177e+02
   8.4200000e+02   2.7733723e+02
   8.4300000e+02   2.7494857e+02
   8.4400000e+02   2.7393819e+02
   8.4500000e+02   2.7444640e+02
   8.4600000e+02   2.7650263e+02
   8.4700000e+02   2.8000374e+02
   8.4800000e+02   2.8463593e+02
   8.4900000e+02   2.9004402e+02
   8.5000000e+02   2.9563637e+02
   8.5100000e+02   3.0093149e+02
   8.5200000e+02   3.0528971e+02
   8.5300000e+02   3.0823641e+02
   8.5400000e+02   3.0941887e+02
   8.5500000e+02   3.0861532e+02
   8.5600000e+02   3.0584287e+02
   8.5700000e+02   3.0136393e+02
   8.5800000e+02   2.9554917e+02
   8.5900000e+02   2.8894135e+02
   8.6000000e+02   2.8218839e+02
   8.6100000e+02   2.7583815e+02
   8.6200000e+02   2.7051288e+02
   8.6300000e+02   2.6664077e+02
   8.6400000e+02   2.6454084e+02
   8.6500000e+02   2.6438751e+02
   8.6600000e+02   2.6622097e+02
   8.6700000e+02   2.6984086e+02
   8.6800000e+02   2.7497699e+02
   8.6900000e+02   2.8122434e+02
   8.7000000e+02   2.8794318e+02
   8.7100000e+02   2.9464118e+02
   8.7200000e+02   3.0064417e+02
   8.7300000e+02   3.0540097e+02
   8.7400000e+02   3.0851126e+02
   8.7500000e+02   3.0969800e+02
   8.7600000e+02   3.0886590e+02
   8.7700000e+02   3.0621249e+02
   8.7800000e+02   3.0205480e+02
   8.7900000e+02   2.9683947e+02
   8.8000000e+02   2.9117284e+02
   8.8100000e+02   2.8561164e+02
   8.8200000e+02   2.8068030e+02
   8.8300000e+02   2.7686387e+02
   8.8400000e+02   2.7446372e+02
   8.8500000e+02   2.7361659e+02
   8.8600000e+02   2.7438536e+02
   8.8700000e+02   2.7661084e+02
   8.8800000e+02   2.7997599e+02
   8.8900000e+02   2.8418550e+02
   8.9000000e+02   2.8871251e+02
   8.9100000e+02   2.9312010e+02
   8.9200000e+02   2.9697615e+02
   8.9300000e+02   2.9996133e+02
   8.9400000e+02   3.0174251e+02
   8.9500000e+02   3.0236228e+02
   8.9600000e+02   3.0176168e+02
   8.9700000e+02   3.0011195e+02
   8.9800000e+02   2.9772439e+02
   8.9900000e+02   2.9483447e+02
   9.0000000e+02   2.9171782e+02
   9.0100000e+02   2.8871950e+02
   9.0200000e+02   2.8596920e+02
   9.0300000e+02   2.8361000e+02
   9.0400000e+02   2.8178957e+02
   9.0500000e+02   2.8040408e+02
   9.0600000e+02   2.7943287e+02
   9.0700000e+02   2.7884848e+02
   9.0800000e+02   2.7846483e+02
   9.0900000e+02   2.7823004e+02
   9.1000000e+02   2.7809693e+02
   9.1100000e+02   2.7800177e+02
   9.1200000e+02   2.7793169e+02
   9.1300000e+02   2.7805963e+02
   9.1400000e+02   2.7831280e+02
   9.1500000e+02   2.7893141e+02
   9.1600000e+02   2.7999257e+02
   9.1700000e+02   2.8156171e+02
   9.1800000e+02   2.8371073e+02
   9.1900000e+02   2.8648634e+02
   9.2000000e+02   2.8970295e+02
   9.2100000e+02   2.9326533e+02
   9.2200000e+02   2.9697290e+02
   9.2300000e+02   3.0039996e+02
   9.2400000e+02   3.0333510e+02
   9.2500000e+02   3.0540767e+02
   9.2600000e+02   3.0628704e+02
   9.2700000e+02   3.0581119e+02
   9.2800000e+02   3.0398607e+02
   9.2900000e+02   3.0069464e+02
   9.3000000e+02   2.9637842e+02
   9.3100000e+02   2.9125936e+02
   9.3200000e+02   2.8579715e+02
   9.3300000e+02   2.8054066e+02
   9.3400000e+02   2.7595142e+02
   9.3500000e+02   2.7241829e+02
   9.3600000e+02   2.7037687e+02
   9.3700000e+02   2.7001058e+02
   9.3800000e+02   2.7138185e+02
   9.3900000e+02   2.7450751e+02
   9.4000000e+02   2.7915176e+02
   9.4100000e+02   2.8491748e+02
   9.4200000e+02   2.9143773e+02
   9.4300000e+02   2.9807000e+02
   9.4400000e+02   3.0419980e+02
   9.4500000e+02   3.0926451e+02
   9.4600000e+02   3.1272027e+02
   9.4700000e+02   3.1405980e+02
   9.4800000e+02   3.1323774e+02
   9.4900000e+02   3.1008471e+02
   9.5000000e+02   3.0487981e+02
   9.5100000e+02   2.9803429e+02
   9.5200000e+02   2.9012827e+02
   9.5300000e+02   2.8173758e+02
   9.5400000e+02   2.7370654e+02
   9.5500000e+02   2.6658624e+02
   9.5600000e+02   2.6097463e+02
   9.5700000e+02   2.5743685e+02
   9.5800000e+02   2.5620864e+02
   9.5900000e+02   2.5746134e+02
   9.6000000e+02   2.6128532e+02
   9.6100000e+02   2.6737609e+02
   9.6200000e+02   2.7540797e+02
   9.6300000e+02   2.8488562e+02
   9.6400000e+02   2.9498519e+02
   9.6500000e+02   3.0492824e+02
   9.6600000e+02   3.1387582e+02
   9.6700000e+02   3.2088182e+02
   9.6800000e+02   3.2530683e+02
   9.6900000e+02   3.2676204e+02
   9.7000000e+02   3.2494875e+02
   9.7100000e+02   3.2014740e+02
   9.7200000e+02   3.1289129e+02
   9.7300000e+02   3.0380541e+02
   9.7400000e+02   2.9388475e+02
   9.7500000e+02   2.8409775e+02
   9.7600000e+02   2.7517045e+02
   9.7700000e+02   2.6802445e+02
   9.7800000e+02   2.6309819e+02
   9.7900000e+02   2.6074690e+02
   9.8000000e+02   2.6107074e+02
   9.8100000e+02   2.6399039e+02
   9.8200000e+02   2.6907604e+02
   9.8300000e+02   2.7594360e+02
   9.8400000e+02   2.8385693e+02
   9.8500000e+02   2.9208904e+02
   9.8600000e+02   2.9985471e+02
   9.8700000e+02   3.0648022e+02
   9.8800000e+02   3.1125967e+02
   9.8900000e+02   3.1389885e+02
   9.9000000e+02   3.1418561e+02
   9.9100000e+02   3.1212281e+02
   9.9200000e+02   3.0810400e+02
   9.9300000e+02   3.0255124e+02
   9.9400000e+02   2.9599958e+02
   9.9500000e+02   2.8916379e+02
   9.9600000e+02   2.8257781e+02
   9.9700000e+02   2.7676553e+02
   9.9800000e+02   2.7216664e+02
   9.9900000e+02   2.6910528e+02
   1.0000000e+03   2.6758879e+02
