  -0.0000000e+00   4.7727492e+02
   1.0000000e+00   4.7695653e+02
   2.0000000e+00   4.7821686e+02
   3.0000000e+00   4.8089861e+02
   4.0000000e+00   4.8480157e+02
   5.0000000e+00   4.8981429e+02
   6.0000000e+00   4.9533319e+02
   7.0000000e+00   5.0096040e+02
   8.0000000e+00   5.0630462e+02
   9.0000000e+00   5.1074530e+02
   1.0000000e+01   5.1388651e+02
   1.1000000e+01   5.1562737e+02
   1.2000000e+01   5.1550916e+02
   1.3000000e+01   5.1372487e+02
   1.4000000e+01   5.1040561e+02
   1.5000000e+01   5.0573603e+02
   1.6000000e+01   5.0015790e+02
   1.7000000e+01   4.9420294e+02
   1.8000000e+01   4.8821577e+02
   1.9000000e+01   4.8272481e+02
   2.0000000e+01   4.7822430e+02
   2.1000000e+01   4.7484405e+02
   2.2000000e+01   4.7293301e+02
   2.3000000e+01   4.7256616e+02
   2.4000000e+01   4.7362273e+02
   2.5000000e+01   4.7596074e+02
   2.6000000e+01   4.7947158e+02
   2.7000000e+01   4.8354041e+02
   2.8000000e+01   4.8807545e+02
   2.9000000e+01   4.9255952e+02
   3.0000000e+01   4.9663658e+02
   3.1000000e+01   5.0006632e+02
   3.2000000e+01   5.0269840e+02
   3.3000000e+01   5.0424623e+02
   3.4000000e+01   5.0486680e+02
   3.5000000e+01   5.0457192e+02
   3.6000000e+01   5.0338917e+02
   3.7000000e+01   5.0159378e+02
   3.8000000e+01   4.9937682e+02
   3.9000000e+01   4.9676657e+02
   4.0000000e+01   4.9414148e+02
   4.1000000e+01   4.9154613e+02
   4.2000000e+01   4.8908343e+02
   4.3000000e+01   4.8696064e+02
   4.4000000e+01   4.8525021e+02
   4.5000000e+01   4.8389758e+02
   4.6000000e+01   4.8318910e+02
   4.7000000e+01   4.8298193e+02
   4.8000000e+01   4.8337701e+02
   4.9000000e+01   4.8440468e+02
   5.0000000e+01   4.8609537e+02
   5.1000000e+01   4.8823379e+02
   5.2000000e+01   4.9103073e+02
   5.3000000e+01   4.9415387e+02
   5.4000000e+01   4.9750673e+02
   5.5000000e+01   5.0099252e+02
   5.6000000e+01   5.0428397e+02
   5.7000000e+01   5.0710637e+02
   5.8000000e+01   5.0936737e+02
   5.9000000e+01   5.1064002e+02
   6.0000000e+01   5.1079950e+02
   6.1000000e+01   5.0979510e+02
   6.2000000e+01   5.0742261e+02
   6.3000000e+01   5.0383603e+02
   6.4000000e+01   4.9921003e+02
   6.5000000e+01   4.9376889e+02
   6.6000000e+01   4.8782690e+02
   6.7000000e+01   4.8195328e+02
   6.8000000e+01   4.7639897e+02
   6.9000000e+01   4.7172049e+02
   7.0000000e+01   4.6830078e+02
   7.1000000e+01   4.6640239e+02
   7.2000000e+01   4.6624925e+02
   7.3000000e+01   4.6803308e+02
   7.4000000e+01   4.7155039e+02
   7.5000000e+01   4.7678695e+02
   7.6000000e+01   4.8334934e+02
   7.7000000e+01   4.9086490e+02
   7.8000000e+01   4.9877279e+02
   7.9000000e+01   5.0658894e+02
   8.0000000e+01   5.1360036e+02
   8.1000000e+01   5.1934852e+02
   8.2000000e+01   5.2330506e+02
   8.3000000e+01   5.2510202e+02
   8.4000000e+01   5.2454350e+02
   8.5000000e+01   5.2168753e+02
   8.6000000e+01   5.1659032e+02
   8.7000000e+01   5.0973083e+02
   8.8000000e+01   5.0157242e+02
   8.9000000e+01   4.9272457e+02
   9.0000000e+01   4.8387492e+02
   9.1000000e+01   4.7575059e+02
   9.2000000e+01   4.6889091e+02
   9.3000000e+01   4.6394489e+02
   9.4000000e+01   4.6128429e+02
   9.5000000e+01   4.6119609e+02
   9.6000000e+01   4.6374622e+02
   9.7000000e+01   4.6894835e+02
   9.8000000e+01   4.7634458e+02
   9.9000000e+01   4.8562645e+02
   1.0000000e+02   4.9601971e+02
   1.0100000e+02   5.0670851e+02
   1.0200000e+02   5.1683753e+02
   1.0300000e+02   5.2542909e+02
   1.0400000e+02   5.3158408e+02
   1.0500000e+02   5.3470265e+02
   1.0600000e+02   5.3427955e+02
   1.0700000e+02   5.3022691e+02
   1.0800000e+02   5.2288397e+02
   1.0900000e+02   5.1276196e+02
   1.1000000e+02   5.0083539e+02
   1.1100000e+02   4.8813522e+02
   1.1200000e+02   4.7583288e+02
   1.1300000e+02   4.6494165e+02
   1.1400000e+02   4.5648749e+02
   1.1500000e+02   4.5106808e+02
   1.1600000e+02   4.4918412e+02
   1.1700000e+02   4.5092331e+02
   1.1800000e+02   4.5615127e+02
   1.1900000e+02   4.6443837e+02
   1.2000000e+02   4.7508022e+02
   1.2100000e+02   4.8725254e+02
   1.2200000e+02   4.9993949e+02
   1.2300000e+02   5.1209406e+02
   1.2400000e+02   5.2277975e+02
   1.2500000e+02   5.3111887e+02
   1.2600000e+02   5.3648587e+02
   1.2700000e+02   5.3860195e+02
   1.2800000e+02   5.3734649e+02
   1.2900000e+02   5.3299171e+02
   1.3000000e+02   5.2605663e+02
   1.3100000e+02   5.1714115e+02
   1.3200000e+02   5.0708386e+02
   1.3300000e+02   4.9665182e+02
   1.3400000e+02   4.8663649e+02
   1.3500000e+02   4.7767619e+02
   1.3600000e+02   4.7039931e+02
   1.3700000e+02   4.6509904e+02
   1.3800000e+02   4.6208342e+02
   1.3900000e+02   4.6141361e+02
   1.4000000e+02   4.6296333e+02
   1.4100000e+02   4.6656006e+02
   1.4200000e+02   4.7185658e+02
   1.4300000e+02   4.7835594e+02
   1.4400000e+02   4.8564399e+02
   1.4500000e+02   4.9313389e+02
   1.4600000e+02   5.0030441e+02
   1.4700000e+02   5.0668710e+02
   1.4800000e+02   5.1190768e+02
   1.4900000e+02   5.1559028e+02
   1.5000000e+02   5.1761688e+02
   1.5100000e+02   5.1790183e+02
   1.5200000e+02   5.1647004e+02
   1.5300000e+02   5.1348268e+02
   1.5400000e+02   5.0922121e+02
   1.5500000e+02   5.0386506e+02
   1.5600000e+02   4.9788043e+02
   1.5700000e+02   4.9155270e+02
   1.5800000e+02   4.8525020e+02
   1.5900000e+02   4.7936828e+02
   1.6000000e+02   4.7424883e+02
   1.6100000e+02   4.7016122e+02
   1.6200000e+02   4.6742709e+02
   1.6300000e+02   4.6625645e+02
   1.6400000e+02   4.6673953e+02
   1.6500000e+02   4.6900802e+02
   1.6600000e+02   4.7303223e+02
   1.6700000e+02   4.7857148e+02
   1.6800000e+02   4.8553427e+02
   1.6900000e+02   4.9345948e+02
   1.7000000e+02   5.0188202e+02
   1.7100000e+02   5.1031045e+02
   1.7200000e+02   5.1814210e+02
   1.7300000e+02   5.2464668e+02
   1.7400000e+02   5.2944922e+02
   1.7500000e+02   5.3190546e+02
   1.7600000e+02   5.3174524e+02
   1.7700000e+02   5.2887285e+02
   1.7800000e+02   5.2336924e+02
   1.7900000e+02   5.1545181e+02
   1.8000000e+02   5.0582272e+02
   1.8100000e+02   4.9505697e+02
   1.8200000e+02   4.8389957e+02
   1.8300000e+02   4.7339543e+02
   1.8400000e+02   4.6411949e+02
   1.8500000e+02   4.5692084e+02
   1.8600000e+02   4.5239307e+02
   1.8700000e+02   4.5087529e+02
   1.8800000e+02   4.5252407e+02
   1.8900000e+02   4.5748605e+02
   1.9000000e+02   4.6523370e+02
   1.9100000e+02   4.7543177e+02
   1.9200000e+02   4.8732144e+02
   1.9300000e+02   4.9993647e+02
   1.9400000e+02   5.1226228e+02
   1.9500000e+02   5.2336967e+02
   1.9600000e+02   5.3206843e+02
   1.9700000e+02   5.3770764e+02
   1.9800000e+02   5.3979415e+02
   1.9900000e+02   5.3797348e+02
   2.0000000e+02   5.3253949e+02
   2.0100000e+02   5.2403083e+02
   2.0200000e+02   5.1304725e+02
   2.0300000e+02   5.0073385e+02
   2.0400000e+02   4.8803699e+02
   2.0500000e+02   4.7600155e+02
   2.0600000e+02   4.6553950e+02
   2.0700000e+02   4.5755294e+02
   2.0800000e+02   4.5242014e+02
   2.0900000e+02   4.5069758e+02
   2.1000000e+02   4.5245027e+02
   2.1100000e+02   4.5756657e+02
   2.1200000e+02   4.6574172e+02
   2.1300000e+02   4.7655147e+02
   2.1400000e+02   4.8901273e+02
   2.1500000e+02   5.0246641e+02
   2.1600000e+02   5.1575601e+02
   2.1700000e+02   5.2773924e+02
   2.1800000e+02   5.3750402e+02
   2.1900000e+02   5.4412311e+02
   2.2000000e+02   5.4680274e+02
   2.2100000e+02   5.4540943e+02
   2.2200000e+02   5.3992130e+02
   2.2300000e+02   5.3064364e+02
   2.2400000e+02   5.1856108e+02
   2.2500000e+02   5.0460720e+02
   2.2600000e+02   4.8990385e+02
   2.2700000e+02   4.7587862e+02
   2.2800000e+02   4.6357144e+02
   2.2900000e+02   4.5386877e+02
   2.3000000e+02   4.4774042e+02
   2.3100000e+02   4.4538461e+02
   2.3200000e+02   4.4696286e+02
   2.3300000e+02   4.5236260e+02
   2.3400000e+02   4.6094812e+02
   2.3500000e+02   4.7190220e+02
   2.3600000e+02   4.8444788e+02
   2.3700000e+02   4.9722950e+02
   2.3800000e+02   5.0926269e+02
   2.3900000e+02   5.1958438e+02
   2.4000000e+02   5.2731351e+02
   2.4100000e+02   5.3187403e+02
   2.4200000e+02   5.3331916e+02
   2.4300000e+02   5.3145886e+02
   2.4400000e+02   5.2689180e+02
   2.4500000e+02   5.2022023e+02
   2.4600000e+02   5.1205839e+02
   2.4700000e+02   5.0324473e+02
   2.4800000e+02   4.9458344e+02
   2.4900000e+02   4.8655568e+02
   2.5000000e+02   4.7977813e+02
   2.5100000e+02   4.7462890e+02
   2.5200000e+02   4.7122816e+02
   2.5300000e+02   4.6964472e+02
   2.5400000e+02   4.6993150e+02
   2.5500000e+02   4.7169692e+02
   2.5600000e+02   4.7483360e+02
   2.5700000e+02   4.7900131e+02
   2.5800000e+02   4.8376837e+02
   2.5900000e+02   4.8882342e+02
   2.6000000e+02   4.9396978e+02
   2.6100000e+02   4.9864402e+02
   2.6200000e+02   5.0288079e+02
   2.6300000e+02   5.0638251e+02
   2.6400000e+02   5.0897336e+02
   2.6500000e+02   5.1066759e+02
   2.6600000e+02   5.1142297e+02
   2.6700000e+02   5.1109478e+02
   2.6800000e+02   5.0983086e+02
   2.6900000e+02   5.0767564e+02
   2.7000000e+02   5.0450034e+02
   2.7100000e+02   5.0063558e+02
   2.7200000e+02   4.9610588e+02
   2.7300000e+02   4.9105219e+02
   2.7400000e+02   4.8582634e+02
   2.7500000e+02   4.8071311e+02
   2.7600000e+02   4.7588520e+02
   2.7700000e+02   4.7192991e+02
   2.7800000e+02   4.6900873e+02
   2.7900000e+02   4.6742706e+02
   2.8000000e+02   4.6752364e+02
   2.8100000e+02   4.6935097e+02
   2.8200000e+02   4.7288284e+02
   2.8300000e+02   4.7813397e+02
   2.8400000e+02   4.8477358e+02
   2.8500000e+02   4.9234045e+02
   2.8600000e+02   5.0052387e+02
   2.8700000e+02   5.0856270e+02
   2.8800000e+02   5.1583095e+02
   2.8900000e+02   5.2188300e+02
   2.9000000e+02   5.2595824e+02
   2.9100000e+02   5.2775153e+02
   2.9200000e+02   5.2707714e+02
   2.9300000e+02   5.2381658e+02
   2.9400000e+02   5.1820450e+02
   2.9500000e+02   5.1074896e+02
   2.9600000e+02   5.0187386e+02
   2.9700000e+02   4.9238233e+02
   2.9800000e+02   4.8302059e+02
   2.9900000e+02   4.7448068e+02
   3.0000000e+02   4.6743041e+02
   3.0100000e+02   4.6251522e+02
   3.0200000e+02   4.6001689e+02
   3.0300000e+02   4.6020310e+02
   3.0400000e+02   4.6315317e+02
   3.0500000e+02   4.6856606e+02
   3.0600000e+02   4.7612030e+02
   3.0700000e+02   4.8524899e+02
   3.0800000e+02   4.9511307e+02
   3.0900000e+02   5.0494588e+02
   3.1000000e+02   5.1383304e+02
   3.1100000e+02   5.2092354e+02
   3.1200000e+02   5.2550360e+02
   3.1300000e+02   5.2721609e+02
   3.1400000e+02   5.2573177e+02
   3.1500000e+02   5.2130675e+02
   3.1600000e+02   5.1436614e+02
   3.1700000e+02   5.0552748e+02
   3.1800000e+02   4.9568106e+02
   3.1900000e+02   4.8579297e+02
   3.2000000e+02   4.7659348e+02
   3.2100000e+02   4.6900785e+02
   3.2200000e+02   4.6359967e+02
   3.2300000e+02   4.6071938e+02
   3.2400000e+02   4.6064560e+02
   3.2500000e+02   4.6332071e+02
   3.2600000e+02   4.6847771e+02
   3.2700000e+02   4.7573668e+02
   3.2800000e+02   4.8451227e+02
   3.2900000e+02   4.9404033e+02
   3.3000000e+02   5.0361226e+02
   3.3100000e+02   5.1245232e+02
   3.3200000e+02   5.1971995e+02
   3.3300000e+02   5.2499678e+02
   3.3400000e+02   5.2769137e+02
   3.3500000e+02   5.2768899e+02
   3.3600000e+02   5.2502801e+02
   3.3700000e+02   5.1996348e+02
   3.3800000e+02   5.1294028e+02
   3.3900000e+02   5.0471052e+02
   3.4000000e+02   4.9586647e+02
   3.4100000e+02   4.8725914e+02
   3.4200000e+02   4.7955697e+02
   3.4300000e+02   4.7337188e+02
   3.4400000e+02   4.6915923e+02
   3.4500000e+02   4.6716225e+02
   3.4600000e+02   4.6750582e+02
   3.4700000e+02   4.6994232e+02
   3.4800000e+02   4.7424858e+02
   3.4900000e+02   4.7980174e+02
   3.5000000e+02   4.8608342e+02
   3.5100000e+02   4.9231924e+02
   3.5200000e+02   4.9797548e+02
   3.5300000e+02   5.0237211e+02
   3.5400000e+02   5.0523573e+02
   3.5500000e+02   5.0632374e+02
   3.5600000e+02   5.0571112e+02
   3.5700000e+02   5.0360712e+02
   3.5800000e+02   5.0047552e+02
   3.5900000e+02   4.9672402e+02
   3.6000000e+02   4.9294988e+02
   3.6100000e+02   4.8958723e+02
   3.6200000e+02   4.8701608e+02
   3.6300000e+02   4.8550510e+02
   3.6400000e+02   4.8517860e+02
   3.6500000e+02   4.8594633e+02
   3.6600000e+02   4.8770536e+02
   3.6700000e+02   4.9011216e+02
   3.6800000e+02   4.9290010e+02
   3.6900000e+02   4.9557637e+02
   3.7000000e+02   4.9794645e+02
   3.7100000e+02   4.9954275e+02
   3.7200000e+02   5.0031548e+02
   3.7300000e+02   5.0009044e+02
   3.7400000e+02   4.9897164e+02
   3.7500000e+02   4.9709028e+02
   3.7600000e+02   4.9477756e+02
   3.7700000e+02   4.9226841e+02
   3.7800000e+02   4.9000745e+02
   3.7900000e+02   4.8825117e+02
   3.8000000e+02   4.8728882e+02
   3.8100000e+02   4.8725302e+02
   3.8200000e+02   4.8822470e+02
   3.8300000e+02   4.9004138e+02
   3.8400000e+02   4.9253810e+02
   3.8500000e+02   4.9539957e+02
   3.8600000e+02   4.9816560e+02
   3.8700000e+02   5.0049910e+02
   3.8800000e+02   5.0199958e+02
   3.8900000e+02   5.0232678e+02
   3.9000000e+02   5.0139365e+02
   3.9100000e+02   4.9917190e+02
   3.9200000e+02   4.9578028e+02
   3.9300000e+02   4.9164038e+02
   3.9400000e+02   4.8710564e+02
   3.9500000e+02   4.8270000e+02
   3.9600000e+02   4.7889588e+02
   3.9700000e+02   4.7620321e+02
   3.9800000e+02   4.7478992e+02
   3.9900000e+02   4.7504285e+02
   4.0000000e+02   4.7682854e+02
   4.0100000e+02   4.8006795e+02
   4.0200000e+02   4.8446999e+02
   4.0300000e+02   4.8965695e+02
   4.0400000e+02   4.9499812e+02
   4.0500000e+02   5.0020011e+02
   4.0600000e+02   5.0458844e+02
   4.0700000e+02   5.0783508e+02
   4.0800000e+02   5.0968736e+02
   4.0900000e+02   5.1000423e+02
   4.1000000e+02   5.0876280e+02
   4.1100000e+02   5.0627656e+02
   4.1200000e+02   5.0277092e+02
   4.1300000e+02   4.9861965e+02
   4.1400000e+02   4.9438331e+02
   4.1500000e+02   4.9038582e+02
   4.1600000e+02   4.8696981e+02
   4.1700000e+02   4.8462058e+02
   4.1800000e+02   4.8328262e+02
   4.1900000e+02   4.8317835e+02
   4.2000000e+02   4.8422651e+02
   4.2100000e+02   4.8623535e+02
   4.2200000e+02   4.8889101e+02
   4.2300000e+02   4.9202315e+02
   4.2400000e+02   4.9504320e+02
   4.2500000e+02   4.9773873e+02
   4.2600000e+02   4.9974708e+02
   4.2700000e+02   5.0079760e+02
   4.2800000e+02   5.0075048e+02
   4.2900000e+02   4.9970498e+02
   4.3000000e+02   4.9764427e+02
   4.3100000e+02   4.9487431e+02
   4.3200000e+02   4.9181262e+02
   4.3300000e+02   4.8862296e+02
   4.3400000e+02   4.8586384e+02
   4.3500000e+02   4.8380219e+02
   4.3600000e+02   4.8263165e+02
   4.3700000e+02   4.8251704e+02
   4.3800000e+02   4.8356408e+02
   4.3900000e+02   4.8545029e+02
   4.4000000e+02   4.8813824e+02
   4.4100000e+02   4.9126026e+02
   4.4200000e+02   4.9437014e+02
   4.4300000e+02   4.9719349e+02
   4.4400000e+02   4.9942621e+02
   4.4500000e+02   5.0062204e+02
   4.4600000e+02   5.0083104e+02
   4.4700000e+02   4.9996065e+02
   4.4800000e+02   4.9797097e+02
   4.4900000e+02   4.9528528e+02
   4.5000000e+02   4.9209709e+02
   4.5100000e+02   4.8870585e+02
   4.5200000e+02   4.8568250e+02
   4.5300000e+02   4.8326432e+02
   4.5400000e+02   4.8178141e+02
   4.5500000e+02   4.8155776e+02
   4.5600000e+02   4.8269518e+02
   4.5700000e+02   4.8508032e+02
   4.5800000e+02   4.8877842e+02
   4.5900000e+02   4.9337415e+02
   4.6000000e+02   4.9845877e+02
   4.6100000e+02   5.0366198e+02
   4.6200000e+02   5.0835108e+02
   4.6300000e+02   5.1190664e+02
   4.6400000e+02   5.1405793e+02
   4.6500000e+02   5.1424167e+02
   4.6600000e+02   5.1231104e+02
   4.6700000e+02   5.0842960e+02
   4.6800000e+02   5.0270269e+02
   4.6900000e+02   4.9561653e+02
   4.7000000e+02   4.8793563e+02
   4.7100000e+02   4.8023014e+02
   4.7200000e+02   4.7329402e+02
   4.7300000e+02   4.6791170e+02
   4.7400000e+02   4.6456237e+02
   4.7500000e+02   4.6360843e+02
   4.7600000e+02   4.6542538e+02
   4.7700000e+02   4.6972205e+02
   4.7800000e+02   4.7632217e+02
   4.7900000e+02   4.8475951e+02
   4.8000000e+02   4.9417069e+02
   4.8100000e+02   5.0378005e+02
   4.8200000e+02   5.1277472e+02
   4.8300000e+02   5.2008094e+02
   4.8400000e+02   5.2508563e+02
   4.8500000e+02   5.2735554e+02
   4.8600000e+02   5.2641831e+02
   4.8700000e+02   5.2253589e+02
   4.8800000e+02   5.1610178e+02
   4.8900000e+02   5.0758820e+02
   4.9000000e+02   4.9796535e+02
   4.9100000e+02   4.8815387e+02
   4.9200000e+02   4.7888074e+02
   4.9300000e+02   4.7114194e+02
   4.9400000e+02   4.6557610e+02
   4.9500000e+02   4.6247616e+02
   4.9600000e+02   4.6231346e+02
   4.9700000e+02   4.6492694e+02
   4.9800000e+02   4.7009505e+02
   4.9900000e+02   4.7738862e+02
   5.0000000e+02   4.8618986e+02
   5.0100000e+02   4.9556059e+02
   5.0200000e+02   5.0481079e+02
   5.0300000e+02   5.1299860e+02
   5.0400000e+02   5.1929743e+02
   5.0500000e+02   5.2325941e+02
   5.0600000e+02   5.2448118e+02
   5.0700000e+02   5.2282763e+02
   5.0800000e+02   5.1864416e+02
   5.0900000e+02   5.1239151e+02
   5.1000000e+02   5.0456037e+02
   5.1100000e+02   4.9618501e+02
   5.1200000e+02   4.8781962e+02
   5.1300000e+02   4.8026305e+02
   5.1400000e+02   4.7411938e+02
   5.1500000e+02   4.6982961e+02
   5.1600000e+02   4.6746701e+02
   5.1700000e+02   4.6730157e+02
   5.1800000e+02   4.6899814e+02
   5.1900000e+02   4.7228329e+02
   5.2000000e+02   4.7686770e+02
   5.2100000e+02   4.8215121e+02
   5.2200000e+02   4.8765851e+02
   5.2300000e+02   4.9307517e+02
   5.2400000e+02   4.9787370e+02
   5.2500000e+02   5.0184800e+02
   5.2600000e+02   5.0492118e+02
   5.2700000e+02   5.0695384e+02
   5.2800000e+02   5.0801196e+02
   5.2900000e+02   5.0833251e+02
   5.3000000e+02   5.0790166e+02
   5.3100000e+02   5.0699586e+02
   5.3200000e+02   5.0573737e+02
   5.3300000e+02   5.0420892e+02
   5.3400000e+02   5.0240650e+02
   5.3500000e+02   5.0056596e+02
   5.3600000e+02   4.9839338e+02
   5.3700000e+02   4.9607503e+02
   5.3800000e+02   4.9357219e+02
   5.3900000e+02   4.9081651e+02
   5.4000000e+02   4.8793382e+02
   5.4100000e+02   4.8509526e+02
   5.4200000e+02   4.8230012e+02
   5.4300000e+02   4.7992296e+02
   5.4400000e+02   4.7812992e+02
   5.4500000e+02   4.7711964e+02
   5.4600000e+02   4.7715383e+02
   5.4700000e+02   4.7841432e+02
   5.4800000e+02   4.8085252e+02
   5.4900000e+02   4.8453552e+02
   5.5000000e+02   4.8927499e+02
   5.5100000e+02   4.9468234e+02
   5.5200000e+02   5.0046147e+02
   5.5300000e+02   5.0603771e+02
   5.5400000e+02   5.1083170e+02
   5.5500000e+02   5.1436661e+02
   5.5600000e+02   5.1617489e+02
   5.5700000e+02   5.1585016e+02
   5.5800000e+02   5.1340406e+02
   5.5900000e+02   5.0880551e+02
   5.6000000e+02   5.0244963e+02
   5.6100000e+02   4.9475541e+02
   5.6200000e+02   4.8649447e+02
   5.6300000e+02   4.7820384e+02
   5.6400000e+02   4.7080979e+02
   5.6500000e+02   4.6484108e+02
   5.6600000e+02   4.6092933e+02
   5.6700000e+02   4.5946156e+02
   5.6800000e+02   4.6071447e+02
   5.6900000e+02   4.6463537e+02
   5.7000000e+02   4.7115726e+02
   5.7100000e+02   4.7981937e+02
   5.7200000e+02   4.9010350e+02
   5.7300000e+02   5.0124547e+02
   5.7400000e+02   5.1242644e+02
   5.7500000e+02   5.2267826e+02
   5.7600000e+02   5.3115592e+02
   5.7700000e+02   5.3706150e+02
   5.7800000e+02   5.3975991e+02
   5.7900000e+02   5.3895802e+02
   5.8000000e+02   5.3466684e+02
   5.8100000e+02   5.2703803e+02
   5.8200000e+02   5.1690102e+02
   5.8300000e+02   5.0483393e+02
   5.8400000e+02   4.9202802e+02
   5.8500000e+02   4.7943379e+02
   5.8600000e+02   4.6812721e+02
   5.8700000e+02   4.5895232e+02
   5.8800000e+02   4.5276607e+02
   5.8900000e+02   4.4994124e+02
   5.9000000e+02   4.5084704e+02
   5.9100000e+02   4.5539486e+02
   5.9200000e+02   4.6329937e+02
   5.9300000e+02   4.7397562e+02
   5.9400000e+02   4.8654851e+02
   5.9500000e+02   4.9999310e+02
   5.9600000e+02   5.1303697e+02
   5.9700000e+02   5.2454841e+02
   5.9800000e+02   5.3327827e+02
   5.9900000e+02   5.3850124e+02
   6.0000000e+02   5.3951101e+02
   6.0100000e+02   5.3641064e+02
   6.0200000e+02   5.2936827e+02
   6.0300000e+02   5.1924415e+02
   6.0400000e+02   5.0702063e+02
   6.0500000e+02   4.9390876e+02
   6.0600000e+02   4.8111989e+02
   6.0700000e+02   4.6981745e+02
   6.0800000e+02   4.6085415e+02
   6.0900000e+02   4.5498503e+02
   6.1000000e+02   4.5256439e+02
   6.1100000e+02   4.5364664e+02
   6.1200000e+02   4.5810071e+02
   6.1300000e+02   4.6544768e+02
   6.1400000e+02   4.7497258e+02
   6.1500000e+02   4.8589752e+02
   6.1600000e+02   4.9722402e+02
   6.1700000e+02   5.0798179e+02
   6.1800000e+02   5.1726383e+02
   6.1900000e+02   5.2441254e+02
   6.2000000e+02   5.2872685e+02
   6.2100000e+02   5.3019255e+02
   6.2200000e+02   5.2869311e+02
   6.2300000e+02   5.2461725e+02
   6.2400000e+02   5.1846671e+02
   6.2500000e+02   5.1094718e+02
   6.2600000e+02   5.0271166e+02
   6.2700000e+02   4.9456809e+02
   6.2800000e+02   4.8706629e+02
   6.2900000e+02   4.8073732e+02
   6.3000000e+02   4.7593276e+02
   6.3100000e+02   4.7282457e+02
   6.3200000e+02   4.7137944e+02
   6.3300000e+02   4.7154507e+02
   6.3400000e+02   4.7304806e+02
   6.3500000e+02   4.7554291e+02
   6.3600000e+02   4.7877619e+02
   6.3700000e+02   4.8235193e+02
   6.3800000e+02   4.8596504e+02
   6.3900000e+02   4.8948979e+02
   6.4000000e+02   4.9268809e+02
   6.4100000e+02   4.9552250e+02
   6.4200000e+02   4.9803384e+02
   6.4300000e+02   5.0021705e+02
   6.4400000e+02   5.0208475e+02
   6.4500000e+02   5.0374876e+02
   6.4600000e+02   5.0513339e+02
   6.4700000e+02   5.0612541e+02
   6.4800000e+02   5.0678331e+02
   6.4900000e+02   5.0677636e+02
   6.5000000e+02   5.0605534e+02
   6.5100000e+02   5.0453484e+02
   6.5200000e+02   5.0205962e+02
   6.5300000e+02   4.9866026e+02
   6.5400000e+02   4.9455413e+02
   6.5500000e+02   4.8981082e+02
   6.5600000e+02   4.8483294e+02
   6.5700000e+02   4.8004129e+02
   6.5800000e+02   4.7576254e+02
   6.5900000e+02   4.7250238e+02
   6.6000000e+02   4.7066203e+02
   6.6100000e+02   4.7048180e+02
   6.6200000e+02   4.7213760e+02
   6.6300000e+02   4.7580127e+02
   6.6400000e+02   4.8111680e+02
   6.6500000e+02   4.8792905e+02
   6.6600000e+02   4.9577519e+02
   6.6700000e+02   5.0385669e+02
   6.6800000e+02   5.1165913e+02
   6.6900000e+02   5.1836618e+02
   6.7000000e+02   5.2320171e+02
   6.7100000e+02   5.2568166e+02
   6.7200000e+02   5.2549111e+02
   6.7300000e+02   5.2230235e+02
   6.7400000e+02   5.1653607e+02
   6.7500000e+02   5.0851153e+02
   6.7600000e+02   4.9889029e+02
   6.7700000e+02   4.8855569e+02
   6.7800000e+02   4.7846961e+02
   6.7900000e+02   4.6933631e+02
   6.8000000e+02   4.6218924e+02
   6.8100000e+02   4.5751962e+02
   6.8200000e+02   4.5572760e+02
   6.8300000e+02   4.5714514e+02
   6.8400000e+02   4.6159628e+02
   6.8500000e+02   4.6878948e+02
   6.8600000e+02   4.7823636e+02
   6.8700000e+02   4.8915805e+02
   6.8800000e+02   5.0057789e+02
   6.8900000e+02   5.1164679e+02
   6.9000000e+02   5.2133000e+02
   6.9100000e+02   5.2866320e+02
   6.9200000e+02   5.3317402e+02
   6.9300000e+02   5.3433123e+02
   6.9400000e+02   5.3203120e+02
   6.9500000e+02   5.2666169e+02
   6.9600000e+02   5.1868491e+02
   6.9700000e+02   5.0874000e+02
   6.9800000e+02   4.9802151e+02
   6.9900000e+02   4.8718583e+02
   7.0000000e+02   4.7728264e+02
   7.0100000e+02   4.6914522e+02
   7.0200000e+02   4.6330470e+02
   7.0300000e+02   4.6017654e+02
   7.0400000e+02   4.6009953e+02
   7.0500000e+02   4.6287961e+02
   7.0600000e+02   4.6828795e+02
   7.0700000e+02   4.7598086e+02
   7.0800000e+02   4.8509565e+02
   7.0900000e+02   4.9490081e+02
   7.1000000e+02   5.0461995e+02
   7.1100000e+02   5.1311908e+02
   7.1200000e+02   5.1972957e+02
   7.1300000e+02   5.2386770e+02
   7.1400000e+02   5.2494087e+02
   7.1500000e+02   5.2303709e+02
   7.1600000e+02   5.1838756e+02
   7.1700000e+02   5.1135873e+02
   7.1800000e+02   5.0283157e+02
   7.1900000e+02   4.9369624e+02
   7.2000000e+02   4.8469420e+02
   7.2100000e+02   4.7683918e+02
   7.2200000e+02   4.7078775e+02
   7.2300000e+02   4.6694426e+02
   7.2400000e+02   4.6563080e+02
   7.2500000e+02   4.6693126e+02
   7.2600000e+02   4.7036710e+02
   7.2700000e+02   4.7576227e+02
   7.2800000e+02   4.8233603e+02
   7.2900000e+02   4.8940342e+02
   7.3000000e+02   4.9626125e+02
   7.3100000e+02   5.0228196e+02
   7.3200000e+02   5.0674775e+02
   7.3300000e+02   5.0950987e+02
   7.3400000e+02   5.1032991e+02
   7.3500000e+02   5.0926478e+02
   7.3600000e+02   5.0670248e+02
   7.3700000e+02   5.0309114e+02
   7.3800000e+02   4.9882272e+02
   7.3900000e+02   4.9465480e+02
   7.4000000e+02   4.9099601e+02
   7.4100000e+02   4.8817392e+02
   7.4200000e+02   4.8662583e+02
   7.4300000e+02   4.8637039e+02
   7.4400000e+02   4.8723767e+02
   7.4500000e+02   4.8927715e+02
   7.4600000e+02   4.9188291e+02
   7.4700000e+02   4.9476723e+02
   7.4800000e+02   4.9746296e+02
   7.4900000e+02   4.9955358e+02
   7.5000000e+02   5.0054593e+02
   7.5100000e+02   5.0051204e+02
   7.5200000e+02   4.9911016e+02
   7.5300000e+02   4.9660900e+02
   7.5400000e+02   4.9333129e+02
   7.5500000e+02   4.8958248e+02
   7.5600000e+02   4.8586899e+02
   7.5700000e+02   4.8276776e+02
   7.5800000e+02   4.8060331e+02
   7.5900000e+02   4.7970761e+02
   7.6000000e+02   4.8041455e+02
   7.6100000e+02   4.8248674e+02
   7.6200000e+02   4.8592761e+02
   7.6300000e+02   4.9030446e+02
   7.6400000e+02   4.9516768e+02
   7.6500000e+02   4.9983577e+02
   7.6600000e+02   5.0395401e+02
   7.6700000e+02   5.0670711e+02
   7.6800000e+02   5.0789882e+02
   7.6900000e+02   5.0731830e+02
   7.7000000e+02   5.0485312e+02
   7.7100000e+02   5.0084757e+02
   7.7200000e+02   4.9576622e+02
   7.7300000e+02   4.9001924e+02
   7.7400000e+02   4.8439037e+02
   7.7500000e+02   4.7947141e+02
   7.7600000e+02   4.7573218e+02
   7.7700000e+02   4.7366368e+02
   7.7800000e+02   4.7353181e+02
   7.7900000e+02   4.7525716e+02
   7.8000000e+02   4.7886750e+02
   7.8100000e+02   4.8392179e+02
   7.8200000e+02   4.8998444e+02
   7.8300000e+02   4.9642778e+02
   7.8400000e+02   5.0274149e+02
   7.8500000e+02   5.0808327e+02
   7.8600000e+02   5.1216489e+02
   7.8700000e+02   5.1439575e+02
   7.8800000e+02   5.1464874e+02
   7.8900000e+02   5.1290908e+02
   7.9000000e+02   5.0942816e+02
   7.9100000e+02   5.0448713e+02
   7.9200000e+02   4.9873107e+02
   7.9300000e+02   4.9269248e+02
   7.9400000e+02   4.8694579e+02
   7.9500000e+02   4.8210944e+02
   7.9600000e+02   4.7860382e+02
   7.9700000e+02   4.7665169e+02
   7.9800000e+02   4.7649753e+02
   7.9900000e+02   4.7801520e+02
   8.0000000e+02   4.8095202e+02
   8.0100000e+02   4.8504475e+02
   8.0200000e+02   4.8969792e+02
   8.0300000e+02   4.9438890e+02
   8.0400000e+02   4.9862815e+02
   8.0500000e+02   5.0185231e+02
   8.0600000e+02   5.0373185e+02
   8.0700000e+02   5.0410298e+02
   8.0800000e+02   5.0290626e+02
   8.0900000e+02   5.0035789e+02
   8.1000000e+02   4.9682010e+02
   8.1100000e+02   4.9276201e+02
   8.1200000e+02   4.8861634e+02
   8.1300000e+02   4.8505390e+02
   8.1400000e+02   4.8234079e+02
   8.1500000e+02   4.8094276e+02
   8.1600000e+02   4.8097516e+02
   8.1700000e+02   4.8249583e+02
   8.1800000e+02   4.8532986e+02
   8.1900000e+02   4.8926096e+02
   8.2000000e+02   4.9377669e+02
   8.2100000e+02   4.9848155e+02
   8.2200000e+02   5.0277470e+02
   8.2300000e+02   5.0619078e+02
   8.2400000e+02   5.0827076e+02
   8.2500000e+02   5.0874203e+02
   8.2600000e+02   5.0748520e+02
   8.2700000e+02   5.0451291e+02
   8.2800000e+02   5.0014843e+02
   8.2900000e+02   4.9475966e+02
   8.3000000e+02   4.8888746e+02
   8.3100000e+02   4.8319622e+02
   8.3200000e+02   4.7821341e+02
   8.3300000e+02   4.7458015e+02
   8.3400000e+02   4.7266846e+02
   8.3500000e+02   4.7286253e+02
   8.3600000e+02   4.7512999e+02
   8.3700000e+02   4.7950298e+02
   8.3800000e+02   4.8553333e+02
   8.3900000e+02   4.9276114e+02
   8.4000000e+02   5.0047168e+02
   8.4100000e+02   5.0790098e+02
   8.4200000e+02   5.1415853e+02
   8.4300000e+02   5.1860808e+02
   8.4400000e+02   5.2056001e+02
   8.4500000e+02   5.1974143e+02
   8.4600000e+02   5.1611371e+02
   8.4700000e+02   5.0990976e+02
   8.4800000e+02   5.0178022e+02
   8.4900000e+02   4.9241062e+02
   8.5000000e+02   4.8284579e+02
   8.5100000e+02   4.7392509e+02
   8.5200000e+02   4.6661352e+02
   8.5300000e+02   4.6163033e+02
   8.5400000e+02   4.5947445e+02
   8.5500000e+02   4.6046808e+02
   8.5600000e+02   4.6462495e+02
   8.5700000e+02   4.7160664e+02
   8.5800000e+02   4.8094185e+02
   8.5900000e+02   4.9183974e+02
   8.6000000e+02   5.0326499e+02
   8.6100000e+02   5.1428008e+02
   8.6200000e+02   5.2370867e+02
   8.6300000e+02   5.3064174e+02
   8.6400000e+02   5.3439607e+02
   8.6500000e+02   5.3456207e+02
   8.6600000e+02   5.3105894e+02
   8.6700000e+02   5.2433436e+02
   8.6800000e+02   5.1500174e+02
   8.6900000e+02   5.0394380e+02
   8.7000000e+02   4.9235320e+02
   8.7100000e+02   4.8114363e+02
   8.7200000e+02   4.7139725e+02
   8.7300000e+02   4.6392407e+02
   8.7400000e+02   4.5926673e+02
   8.7500000e+02   4.5777783e+02
   8.7600000e+02   4.5954897e+02
   8.7700000e+02   4.6428244e+02
   8.7800000e+02   4.7152073e+02
   8.7900000e+02   4.8060935e+02
   8.8000000e+02   4.9059558e+02
   8.8100000e+02   5.0054845e+02
   8.8200000e+02   5.0954962e+02
   8.8300000e+02   5.1664931e+02
   8.8400000e+02   5.2123296e+02
   8.8500000e+02   5.2300058e+02
   8.8600000e+02   5.2179144e+02
   8.8700000e+02   5.1791395e+02
   8.8800000e+02   5.1198651e+02
   8.8900000e+02   5.0456369e+02
   8.9000000e+02   4.9662123e+02
   8.9100000e+02   4.8887846e+02
   8.9200000e+02   4.8206372e+02
   8.9300000e+02   4.7664936e+02
   8.9400000e+02   4.7313422e+02
   8.9500000e+02   4.7144367e+02
   8.9600000e+02   4.7166291e+02
   8.9700000e+02   4.7354406e+02
   8.9800000e+02   4.7663101e+02
   8.9900000e+02   4.8057640e+02
   9.0000000e+02   4.8496159e+02
   9.0100000e+02   4.8923140e+02
   9.0200000e+02   4.9317485e+02
   9.0300000e+02   4.9654964e+02
   9.0400000e+02   4.9908932e+02
   9.0500000e+02   5.0097827e+02
   9.0600000e+02   5.0225139e+02
   9.0700000e+02   5.0295785e+02
   9.0800000e+02   5.0343478e+02
   9.0900000e+02   5.0377935e+02
   9.1000000e+02   5.0407473e+02
   9.1100000e+02   5.0443591e+02
   9.1200000e+02   5.0488312e+02
   9.1300000e+02   5.0509262e+02
   9.1400000e+02   5.0519294e+02
   9.1500000e+02   5.0473499e+02
   9.1600000e+02   5.0357753e+02
   9.1700000e+02   5.0159327e+02
   9.1800000e+02   4.9865752e+02
   9.1900000e+02   4.9469628e+02
   9.2000000e+02   4.9003683e+02
   9.2100000e+02   4.8484784e+02
   9.2200000e+02   4.7947670e+02
   9.2300000e+02   4.7459239e+02
   9.2400000e+02   4.7052221e+02
   9.2500000e+02   4.6782004e+02
   9.2600000e+02   4.6696356e+02
   9.2700000e+02   4.6819240e+02
   9.2800000e+02   4.7150748e+02
   9.2900000e+02   4.7711687e+02
   9.3000000e+02   4.8438825e+02
   9.3100000e+02   4.9301747e+02
   9.3200000e+02   5.0230412e+02
   9.3300000e+02   5.1132869e+02
   9.3400000e+02   5.1926211e+02
   9.3500000e+02   5.2537551e+02
   9.3600000e+02   5.2879300e+02
   9.3700000e+02   5.2913848e+02
   9.3800000e+02   5.2629453e+02
   9.3900000e+02   5.2027000e+02
   9.4000000e+02   5.1158666e+02
   9.4100000e+02   5.0107746e+02
   9.4200000e+02   4.8946729e+02
   9.4300000e+02   4.7792078e+02
   9.4400000e+02   4.6743665e+02
   9.4500000e+02   4.5888792e+02
   9.4600000e+02   4.5304941e+02
   9.4700000e+02   4.5062177e+02
   9.4800000e+02   4.5169026e+02
   9.4900000e+02   4.5652334e+02
   9.5000000e+02   4.6481018e+02
   9.5100000e+02   4.7605854e+02
   9.5200000e+02   4.8946137e+02
   9.5300000e+02   5.0417221e+02
   9.5400000e+02   5.1873272e+02
   9.5500000e+02   5.3208424e+02
   9.5600000e+02   5.4297197e+02
   9.5700000e+02   5.5010482e+02
   9.5800000e+02   5.5290164e+02
   9.5900000e+02   5.5097334e+02
   9.6000000e+02   5.4416559e+02
   9.6100000e+02   5.3331637e+02
   9.6200000e+02   5.1923124e+02
   9.6300000e+02   5.0307289e+02
   9.6400000e+02   4.8644824e+02
   9.6500000e+02   4.7067872e+02
   9.6600000e+02   4.5702132e+02
   9.6700000e+02   4.4674379e+02
   9.6800000e+02   4.4056456e+02
   9.6900000e+02   4.3891392e+02
   9.7000000e+02   4.4210888e+02
   9.7100000e+02   4.4981983e+02
   9.7200000e+02   4.6141436e+02
   9.7300000e+02   4.7613167e+02
   9.7400000e+02   4.9258804e+02
   9.7500000e+02   5.0926868e+02
   9.7600000e+02   5.2487634e+02
   9.7700000e+02   5.3759355e+02
   9.7800000e+02   5.4638447e+02
   9.7900000e+02   5.5036467e+02
   9.8000000e+02   5.4922717e+02
   9.8100000e+02   5.4312215e+02
   9.8200000e+02   5.3303605e+02
   9.8300000e+02   5.1982974e+02
   9.8400000e+02   5.0504231e+02
   9.8500000e+02   4.9006777e+02
   9.8600000e+02   4.7623068e+02
   9.8700000e+02   4.6458843e+02
   9.8800000e+02   4.5612912e+02
   9.8900000e+02   4.5122087e+02
   9.9000000e+02   4.5011766e+02
   9.9100000e+02   4.5280398e+02
   9.9200000e+02   4.5876864e+02
   9.9300000e+02   4.6744193e+02
   9.9400000e+02   4.7805868e+02
   9.9500000e+02   4.8954419e+02
   9.9600000e+02   5.0096759e+02
   9.9700000e+02   5.1137072e+02
   9.9800000e+02   5.1987367e+02
   9.9900000e+02   5.2574323e+02
   1.0000000e+03   5.2889386e+02
