  -0.0000000e+00   4.5813771e+02
   1.0000000e+00   4.5753749e+02
   2.0000000e+00   4.5845890e+02
   3.0000000e+00   4.6075617e+02
   4.0000000e+00   4.6424220e+02
   5.0000000e+00   4.6881615e+02
   6.0000000e+00   4.7390670e+02
   7.0000000e+00   4.7913887e+02
   8.0000000e+00   4.8414548e+02
   9.0000000e+00   4.8833865e+02
   1.0000000e+01   4.9134377e+02
   1.1000000e+01   4.9306728e+02
   1.2000000e+01   4.9307064e+02
   1.3000000e+01   4.9153513e+02
   1.4000000e+01   4.8858221e+02
   1.5000000e+01   4.8438107e+02
   1.6000000e+01   4.7934599e+02
   1.7000000e+01   4.7397775e+02
   1.8000000e+01   4.6859708e+02
   1.9000000e+01   4.6370115e+02
   2.0000000e+01   4.5975735e+02
   2.1000000e+01   4.5688172e+02
   2.2000000e+01   4.5540225e+02
   2.3000000e+01   4.5538506e+02
   2.4000000e+01   4.5670615e+02
   2.5000000e+01   4.5922094e+02
   2.6000000e+01   4.6281868e+02
   2.7000000e+01   4.6689792e+02
   2.8000000e+01   4.7136358e+02
   2.9000000e+01   4.7571202e+02
   3.0000000e+01   4.7959560e+02
   3.1000000e+01   4.8278216e+02
   3.2000000e+01   4.8513014e+02
   3.3000000e+01   4.8636774e+02
   3.4000000e+01   4.8665558e+02
   3.5000000e+01   4.8601653e+02
   3.6000000e+01   4.8448824e+02
   3.7000000e+01   4.8234920e+02
   3.8000000e+01   4.7979633e+02
   3.9000000e+01   4.7686818e+02
   4.0000000e+01   4.7393944e+02
   4.1000000e+01   4.7106323e+02
   4.2000000e+01   4.6834556e+02
   4.3000000e+01   4.6599288e+02
   4.4000000e+01   4.6408013e+02
   4.5000000e+01   4.6255916e+02
   4.6000000e+01   4.6170763e+02
   4.7000000e+01   4.6139135e+02
   4.8000000e+01   4.6170719e+02
   4.9000000e+01   4.6268547e+02
   5.0000000e+01   4.6435418e+02
   5.1000000e+01   4.6650601e+02
   5.2000000e+01   4.6934049e+02
   5.3000000e+01   4.7253669e+02
   5.4000000e+01   4.7599800e+02
   5.5000000e+01   4.7962732e+02
   5.6000000e+01   4.8310469e+02
   5.7000000e+01   4.8615957e+02
   5.8000000e+01   4.8869551e+02
   5.9000000e+01   4.9029273e+02
   6.0000000e+01   4.9082118e+02
   6.1000000e+01   4.9022202e+02
   6.2000000e+01   4.8828794e+02
   6.3000000e+01   4.8515736e+02
   6.4000000e+01   4.8099064e+02
   6.5000000e+01   4.7599656e+02
   6.6000000e+01   4.7047337e+02
   6.7000000e+01   4.6496759e+02
   6.8000000e+01   4.5971993e+02
   6.9000000e+01   4.5526743e+02
   7.0000000e+01   4.5198161e+02
   7.1000000e+01   4.5011689e+02
   7.2000000e+01   4.4989150e+02
   7.3000000e+01   4.5149223e+02
   7.4000000e+01   4.5472427e+02
   7.5000000e+01   4.5957512e+02
   7.6000000e+01   4.6566771e+02
   7.7000000e+01   4.7264467e+02
   7.8000000e+01   4.7996933e+02
   7.9000000e+01   4.8718047e+02
   8.0000000e+01   4.9359805e+02
   8.1000000e+01   4.9878889e+02
   8.2000000e+01   5.0225498e+02
   8.3000000e+01   5.0365253e+02
   8.4000000e+01   5.0280403e+02
   8.5000000e+01   4.9977553e+02
   8.6000000e+01   4.9462944e+02
   8.7000000e+01   4.8783183e+02
   8.8000000e+01   4.7983199e+02
   8.9000000e+01   4.7121624e+02
   9.0000000e+01   4.6264367e+02
   9.1000000e+01   4.5481059e+02
   9.2000000e+01   4.4823130e+02
   9.3000000e+01   4.4352577e+02
   9.4000000e+01   4.4104892e+02
   9.5000000e+01   4.4107493e+02
   9.6000000e+01   4.4366742e+02
   9.7000000e+01   4.4884125e+02
   9.8000000e+01   4.5615857e+02
   9.9000000e+01   4.6532488e+02
   1.0000000e+02   4.7559776e+02
   1.0100000e+02   4.8619117e+02
   1.0200000e+02   4.9627821e+02
   1.0300000e+02   5.0491076e+02
   1.0400000e+02   5.1121096e+02
   1.0500000e+02   5.1458653e+02
   1.0600000e+02   5.1453398e+02
   1.0700000e+02   5.1095132e+02
   1.0800000e+02   5.0415065e+02
   1.0900000e+02   4.9461314e+02
   1.1000000e+02   4.8327070e+02
   1.1100000e+02   4.7111550e+02
   1.1200000e+02   4.5927856e+02
   1.1300000e+02   4.4874004e+02
   1.1400000e+02   4.4049508e+02
   1.1500000e+02   4.3512400e+02
   1.1600000e+02   4.3311217e+02
   1.1700000e+02   4.3454665e+02
   1.1800000e+02   4.3929865e+02
   1.1900000e+02   4.4695490e+02
   1.2000000e+02   4.5684084e+02
   1.2100000e+02   4.6816761e+02
   1.2200000e+02   4.7996662e+02
   1.2300000e+02   4.9124414e+02
   1.2400000e+02   5.0111507e+02
   1.2500000e+02   5.0875342e+02
   1.2600000e+02   5.1357712e+02
   1.2700000e+02   5.1533308e+02
   1.2800000e+02   5.1391878e+02
   1.2900000e+02   5.0960364e+02
   1.3000000e+02   5.0288797e+02
   1.3100000e+02   4.9434604e+02
   1.3200000e+02   4.8477726e+02
   1.3300000e+02   4.7490878e+02
   1.3400000e+02   4.6549107e+02
   1.3500000e+02   4.5712776e+02
   1.3600000e+02   4.5041253e+02
   1.3700000e+02   4.4562054e+02
   1.3800000e+02   4.4304153e+02
   1.3900000e+02   4.4272877e+02
   1.4000000e+02   4.4455724e+02
   1.4100000e+02   4.4835627e+02
   1.4200000e+02   4.5378581e+02
   1.4300000e+02   4.6036214e+02
   1.4400000e+02   4.6767807e+02
   1.4500000e+02   4.7515929e+02
   1.4600000e+02   4.8229465e+02
   1.4700000e+02   4.8862312e+02
   1.4800000e+02   4.9377551e+02
   1.4900000e+02   4.9738441e+02
   1.5000000e+02   4.9933216e+02
   1.5100000e+02   4.9953699e+02
   1.5200000e+02   4.9802704e+02
   1.5300000e+02   4.9496410e+02
   1.5400000e+02   4.9062863e+02
   1.5500000e+02   4.8520500e+02
   1.5600000e+02   4.7915266e+02
   1.5700000e+02   4.7275771e+02
   1.5800000e+02   4.6638459e+02
   1.5900000e+02   4.6042188e+02
   1.6000000e+02   4.5520487e+02
   1.6100000e+02   4.5099780e+02
   1.6200000e+02   4.4811253e+02
   1.6300000e+02   4.4675356e+02
   1.6400000e+02   4.4700898e+02
   1.6500000e+02   4.4900588e+02
   1.6600000e+02   4.5271756e+02
   1.6700000e+02   4.5791472e+02
   1.6800000e+02   4.6451113e+02
   1.6900000e+02   4.7206756e+02
   1.7000000e+02   4.8014056e+02
   1.7100000e+02   4.8826076e+02
   1.7200000e+02   4.9585237e+02
   1.7300000e+02   5.0221497e+02
   1.7400000e+02   5.0698690e+02
   1.7500000e+02   5.0954654e+02
   1.7600000e+02   5.0962845e+02
   1.7700000e+02   5.0713211e+02
   1.7800000e+02   5.0212646e+02
   1.7900000e+02   4.9480983e+02
   1.8000000e+02   4.8584727e+02
   1.8100000e+02   4.7578312e+02
   1.8200000e+02   4.6532693e+02
   1.8300000e+02   4.5547862e+02
   1.8400000e+02   4.4678902e+02
   1.8500000e+02   4.4007375e+02
   1.8600000e+02   4.3590423e+02
   1.8700000e+02   4.3460734e+02
   1.8800000e+02   4.3633366e+02
   1.8900000e+02   4.4122323e+02
   1.9000000e+02   4.4876562e+02
   1.9100000e+02   4.5863382e+02
   1.9200000e+02   4.7009165e+02
   1.9300000e+02   4.8220290e+02
   1.9400000e+02   4.9398499e+02
   1.9500000e+02   5.0453956e+02
   1.9600000e+02   5.1272002e+02
   1.9700000e+02   5.1790310e+02
   1.9800000e+02   5.1962092e+02
   1.9900000e+02   5.1754403e+02
   2.0000000e+02   5.1196817e+02
   2.0100000e+02   5.0342592e+02
   2.0200000e+02   4.9250826e+02
   2.0300000e+02   4.8032757e+02
   2.0400000e+02   4.6780147e+02
   2.0500000e+02   4.5594005e+02
   2.0600000e+02   4.4562103e+02
   2.0700000e+02   4.3770992e+02
   2.0800000e+02   4.3256990e+02
   2.0900000e+02   4.3073318e+02
   2.1000000e+02   4.3226198e+02
   2.1100000e+02   4.3705219e+02
   2.1200000e+02   4.4481510e+02
   2.1300000e+02   4.5514996e+02
   2.1400000e+02   4.6712363e+02
   2.1500000e+02   4.8011096e+02
   2.1600000e+02   4.9301086e+02
   2.1700000e+02   5.0473301e+02
   2.1800000e+02   5.1440107e+02
   2.1900000e+02   5.2111988e+02
   2.2000000e+02   5.2411679e+02
   2.2100000e+02   5.2324439e+02
   2.2200000e+02   5.1846111e+02
   2.2300000e+02   5.1003749e+02
   2.2400000e+02   4.9889648e+02
   2.2500000e+02   4.8591739e+02
   2.2600000e+02   4.7216573e+02
   2.2700000e+02   4.5900593e+02
   2.2800000e+02   4.4743654e+02
   2.2900000e+02   4.3831156e+02
   2.3000000e+02   4.3256704e+02
   2.3100000e+02   4.3039623e+02
   2.3200000e+02   4.3195592e+02
   2.3300000e+02   4.3713521e+02
   2.3400000e+02   4.4531917e+02
   2.3500000e+02   4.5571571e+02
   2.3600000e+02   4.6757297e+02
   2.3700000e+02   4.7958541e+02
   2.3800000e+02   4.9080966e+02
   2.3900000e+02   5.0032782e+02
   2.4000000e+02   5.0730860e+02
   2.4100000e+02   5.1121669e+02
   2.4200000e+02   5.1212461e+02
   2.4300000e+02   5.0987200e+02
   2.4400000e+02   5.0505214e+02
   2.4500000e+02   4.9825821e+02
   2.4600000e+02   4.9009115e+02
   2.4700000e+02   4.8136011e+02
   2.4800000e+02   4.7283805e+02
   2.4900000e+02   4.6498638e+02
   2.5000000e+02   4.5839232e+02
   2.5100000e+02   4.5341489e+02
   2.5200000e+02   4.5016650e+02
   2.5300000e+02   4.4870953e+02
   2.5400000e+02   4.4909201e+02
   2.5500000e+02   4.5093773e+02
   2.5600000e+02   4.5414017e+02
   2.5700000e+02   4.5837149e+02
   2.5800000e+02   4.6321408e+02
   2.5900000e+02   4.6836353e+02
   2.6000000e+02   4.7362492e+02
   2.6100000e+02   4.7844996e+02
   2.6200000e+02   4.8286150e+02
   2.6300000e+02   4.8656490e+02
   2.6400000e+02   4.8938096e+02
   2.6500000e+02   4.9131361e+02
   2.6600000e+02   4.9231426e+02
   2.6700000e+02   4.9223670e+02
   2.6800000e+02   4.9121749e+02
   2.6900000e+02   4.8929649e+02
   2.7000000e+02   4.8634752e+02
   2.7100000e+02   4.8268881e+02
   2.7200000e+02   4.7834535e+02
   2.7300000e+02   4.7345519e+02
   2.7400000e+02   4.6836049e+02
   2.7500000e+02   4.6333959e+02
   2.7600000e+02   4.5856297e+02
   2.7700000e+02   4.5460041e+02
   2.7800000e+02   4.5161153e+02
   2.7900000e+02   4.4989391e+02
   2.8000000e+02   4.4977665e+02
   2.8100000e+02   4.5131294e+02
   2.8200000e+02   4.5448008e+02
   2.8300000e+02   4.5929404e+02
   2.8400000e+02   4.6543976e+02
   2.8500000e+02   4.7247684e+02
   2.8600000e+02   4.8011056e+02
   2.8700000e+02   4.8761433e+02
   2.8800000e+02   4.9439291e+02
   2.8900000e+02   5.0002367e+02
   2.9000000e+02   5.0378341e+02
   2.9100000e+02   5.0538448e+02
   2.9200000e+02   5.0465330e+02
   2.9300000e+02   5.0147954e+02
   2.9400000e+02   4.9608966e+02
   2.9500000e+02   4.8897020e+02
   2.9600000e+02   4.8052610e+02
   2.9700000e+02   4.7152415e+02
   2.9800000e+02   4.6267602e+02
   2.9900000e+02   4.5464171e+02
   3.0000000e+02   4.4805821e+02
   3.0100000e+02   4.4354159e+02
   3.0200000e+02   4.4136058e+02
   3.0300000e+02   4.4177075e+02
   3.0400000e+02   4.4484682e+02
   3.0500000e+02   4.5029872e+02
   3.0600000e+02   4.5781473e+02
   3.0700000e+02   4.6684625e+02
   3.0800000e+02   4.7658052e+02
   3.0900000e+02   4.8627200e+02
   3.1000000e+02   4.9503088e+02
   3.1100000e+02   5.0202789e+02
   3.1200000e+02   5.0656460e+02
   3.1300000e+02   5.0828892e+02
   3.1400000e+02   5.0687808e+02
   3.1500000e+02   5.0257639e+02
   3.1600000e+02   4.9579521e+02
   3.1700000e+02   4.8713508e+02
   3.1800000e+02   4.7746029e+02
   3.1900000e+02   4.6771022e+02
   3.2000000e+02   4.5859599e+02
   3.2100000e+02   4.5101511e+02
   3.2200000e+02   4.4551560e+02
   3.2300000e+02   4.4243895e+02
   3.2400000e+02   4.4205559e+02
   3.2500000e+02   4.4431390e+02
   3.2600000e+02   4.4896125e+02
   3.2700000e+02   4.5563745e+02
   3.2800000e+02   4.6378847e+02
   3.2900000e+02   4.7268957e+02
   3.3000000e+02   4.8167057e+02
   3.3100000e+02   4.8999840e+02
   3.3200000e+02   4.9687662e+02
   3.3300000e+02   5.0191057e+02
   3.3400000e+02   5.0453859e+02
   3.3500000e+02   5.0464969e+02
   3.3600000e+02   5.0227674e+02
   3.3700000e+02   4.9765709e+02
   3.3800000e+02   4.9120626e+02
   3.3900000e+02   4.8363329e+02
   3.4000000e+02   4.7549520e+02
   3.4100000e+02   4.6759624e+02
   3.4200000e+02   4.6056891e+02
   3.4300000e+02   4.5499340e+02
   3.4400000e+02   4.5130057e+02
   3.4500000e+02   4.4971944e+02
   3.4600000e+02   4.5036608e+02
   3.4700000e+02   4.5299614e+02
   3.4800000e+02   4.5738979e+02
   3.4900000e+02   4.6294027e+02
   3.5000000e+02   4.6914026e+02
   3.5100000e+02   4.7523719e+02
   3.5200000e+02   4.8071136e+02
   3.5300000e+02   4.8490320e+02
   3.5400000e+02   4.8755085e+02
   3.5500000e+02   4.8842439e+02
   3.5600000e+02   4.8760321e+02
   3.5700000e+02   4.8529952e+02
   3.5800000e+02   4.8197127e+02
   3.5900000e+02   4.7802210e+02
   3.6000000e+02   4.7403785e+02
   3.6100000e+02   4.7044506e+02
   3.6200000e+02   4.6761645e+02
   3.6300000e+02   4.6581728e+02
   3.6400000e+02   4.6517148e+02
   3.6500000e+02   4.6559754e+02
   3.6600000e+02   4.6700193e+02
   3.6700000e+02   4.6905978e+02
   3.6800000e+02   4.7151980e+02
   3.6900000e+02   4.7391547e+02
   3.7000000e+02   4.7606323e+02
   3.7100000e+02   4.7751832e+02
   3.7200000e+02   4.7823438e+02
   3.7300000e+02   4.7804380e+02
   3.7400000e+02   4.7704380e+02
   3.7500000e+02   4.7535725e+02
   3.7600000e+02   4.7329582e+02
   3.7700000e+02   4.7108033e+02
   3.7800000e+02   4.6913192e+02
   3.7900000e+02   4.6769126e+02
   3.8000000e+02   4.6703187e+02
   3.8100000e+02   4.6727743e+02
   3.8200000e+02   4.6850163e+02
   3.8300000e+02   4.7054494e+02
   3.8400000e+02   4.7324542e+02
   3.8500000e+02   4.7629467e+02
   3.8600000e+02   4.7924484e+02
   3.8700000e+02   4.8176559e+02
   3.8800000e+02   4.8346440e+02
   3.8900000e+02   4.8400686e+02
   3.9000000e+02   4.8330338e+02
   3.9100000e+02   4.8132103e+02
   3.9200000e+02   4.7817076e+02
   3.9300000e+02   4.7425697e+02
   3.9400000e+02   4.6991977e+02
   3.9500000e+02   4.6566467e+02
   3.9600000e+02   4.6194910e+02
   3.9700000e+02   4.5926536e+02
   3.9800000e+02   4.5777721e+02
   3.9900000e+02   4.5785892e+02
   4.0000000e+02   4.5938253e+02
   4.0100000e+02   4.6227341e+02
   4.0200000e+02   4.6625367e+02
   4.0300000e+02   4.7096203e+02
   4.0400000e+02   4.7579656e+02
   4.0500000e+02   4.8048154e+02
   4.0600000e+02   4.8437595e+02
   4.0700000e+02   4.8717354e+02
   4.0800000e+02   4.8864176e+02
   4.0900000e+02   4.8865414e+02
   4.1000000e+02   4.8719747e+02
   4.1100000e+02   4.8458004e+02
   4.1200000e+02   4.8102350e+02
   4.1300000e+02   4.7689048e+02
   4.1400000e+02   4.7272043e+02
   4.1500000e+02   4.6882487e+02
   4.1600000e+02   4.6553250e+02
   4.1700000e+02   4.6330806e+02
   4.1800000e+02   4.6209742e+02
   4.1900000e+02   4.6211359e+02
   4.2000000e+02   4.6327764e+02
   4.2100000e+02   4.6540399e+02
   4.2200000e+02   4.6819013e+02
   4.2300000e+02   4.7146914e+02
   4.2400000e+02   4.7467106e+02
   4.2500000e+02   4.7758587e+02
   4.2600000e+02   4.7985641e+02
   4.2700000e+02   4.8121267e+02
   4.2800000e+02   4.8150984e+02
   4.2900000e+02   4.8083168e+02
   4.3000000e+02   4.7915117e+02
   4.3100000e+02   4.7675394e+02
   4.3200000e+02   4.7403341e+02
   4.3300000e+02   4.7114119e+02
   4.3400000e+02   4.6861198e+02
   4.3500000e+02   4.6670001e+02
   4.3600000e+02   4.6559096e+02
   4.3700000e+02   4.6544449e+02
   4.3800000e+02   4.6636317e+02
   4.3900000e+02   4.6803841e+02
   4.4000000e+02   4.7043843e+02
   4.4100000e+02   4.7321302e+02
   4.4200000e+02   4.7593936e+02
   4.4300000e+02   4.7836200e+02
   4.4400000e+02   4.8019693e+02
   4.4500000e+02   4.8102604e+02
   4.4600000e+02   4.8090903e+02
   4.4700000e+02   4.7976650e+02
   4.4800000e+02   4.7757083e+02
   4.4900000e+02   4.7473637e+02
   4.5000000e+02   4.7145472e+02
   4.5100000e+02   4.6801815e+02
   4.5200000e+02   4.6497686e+02
   4.5300000e+02   4.6255903e+02
   4.5400000e+02   4.6108215e+02
   4.5500000e+02   4.6085579e+02
   4.5600000e+02   4.6197634e+02
   4.5700000e+02   4.6433461e+02
   4.5800000e+02   4.6799114e+02
   4.5900000e+02   4.7254556e+02
   4.6000000e+02   4.7760370e+02
   4.6100000e+02   4.8280594e+02
   4.6200000e+02   4.8753964e+02
   4.6300000e+02   4.9120386e+02
   4.6400000e+02   4.9352994e+02
   4.6500000e+02   4.9396746e+02
   4.6600000e+02   4.9236575e+02
   4.6700000e+02   4.8887220e+02
   4.6800000e+02   4.8357969e+02
   4.6900000e+02   4.7694961e+02
   4.7000000e+02   4.6971252e+02
   4.7100000e+02   4.6241498e+02
   4.7200000e+02   4.5582067e+02
   4.7300000e+02   4.5068549e+02
   4.7400000e+02   4.4747213e+02
   4.7500000e+02   4.4653145e+02
   4.7600000e+02   4.4822624e+02
   4.7700000e+02   4.5227752e+02
   4.7800000e+02   4.5851656e+02
   4.7900000e+02   4.6649583e+02
   4.8000000e+02   4.7538633e+02
   4.8100000e+02   4.8444511e+02
   4.8200000e+02   4.9289427e+02
   4.8300000e+02   4.9970789e+02
   4.8400000e+02   5.0430341e+02
   4.8500000e+02   5.0627244e+02
   4.8600000e+02   5.0516929e+02
   4.8700000e+02   5.0125292e+02
   4.8800000e+02   4.9490714e+02
   4.8900000e+02   4.8659004e+02
   4.9000000e+02   4.7723516e+02
   4.9100000e+02   4.6772656e+02
   4.9200000e+02   4.5876159e+02
   4.9300000e+02   4.5129409e+02
   4.9400000e+02   4.4593527e+02
   4.9500000e+02   4.4296493e+02
   4.9600000e+02   4.4283408e+02
   4.9700000e+02   4.4538843e+02
   4.9800000e+02   4.5041636e+02
   4.9900000e+02   4.5750732e+02
   5.0000000e+02   4.6607013e+02
   5.0100000e+02   4.7520553e+02
   5.0200000e+02   4.8425128e+02
   5.0300000e+02   4.9230141e+02
   5.0400000e+02   4.9855928e+02
   5.0500000e+02   5.0258889e+02
   5.0600000e+02   5.0399576e+02
   5.0700000e+02   5.0264172e+02
   5.0800000e+02   4.9884986e+02
   5.0900000e+02   4.9305435e+02
   5.1000000e+02   4.8571999e+02
   5.1100000e+02   4.7783588e+02
   5.1200000e+02   4.6993122e+02
   5.1300000e+02   4.6277256e+02
   5.1400000e+02   4.5693996e+02
   5.1500000e+02   4.5285717e+02
   5.1600000e+02   4.5059454e+02
   5.1700000e+02   4.5041125e+02
   5.1800000e+02   4.5198370e+02
   5.1900000e+02   4.5504789e+02
   5.2000000e+02   4.5932447e+02
   5.2100000e+02   4.6423582e+02
   5.2200000e+02   4.6932628e+02
   5.2300000e+02   4.7429605e+02
   5.2400000e+02   4.7864249e+02
   5.2500000e+02   4.8217462e+02
   5.2600000e+02   4.8482591e+02
   5.2700000e+02   4.8647164e+02
   5.2800000e+02   4.8718484e+02
   5.2900000e+02   4.8720180e+02
   5.3000000e+02   4.8651810e+02
   5.3100000e+02   4.8540696e+02
   5.3200000e+02   4.8399137e+02
   5.3300000e+02   4.8235647e+02
   5.3400000e+02   4.8050267e+02
   5.3500000e+02   4.7865797e+02
   5.3600000e+02   4.7654341e+02
   5.3700000e+02   4.7433790e+02
   5.3800000e+02   4.7200295e+02
   5.3900000e+02   4.6947241e+02
   5.4000000e+02   4.6686375e+02
   5.4100000e+02   4.6433683e+02
   5.4200000e+02   4.6188715e+02
   5.4300000e+02   4.5986807e+02
   5.4400000e+02   4.5843323e+02
   5.4500000e+02   4.5776800e+02
   5.4600000e+02   4.5811730e+02
   5.4700000e+02   4.5964958e+02
   5.4800000e+02   4.6231315e+02
   5.4900000e+02   4.6616590e+02
   5.5000000e+02   4.7102005e+02
   5.5100000e+02   4.7649572e+02
   5.5200000e+02   4.8230032e+02
   5.5300000e+02   4.8787279e+02
   5.5400000e+02   4.9264901e+02
   5.5500000e+02   4.9616298e+02
   5.5600000e+02   4.9795962e+02
   5.5700000e+02   4.9764610e+02
   5.5800000e+02   4.9523408e+02
   5.5900000e+02   4.9069699e+02
   5.6000000e+02   4.8442288e+02
   5.6100000e+02   4.7682235e+02
   5.6200000e+02   4.6864770e+02
   5.6300000e+02   4.6042489e+02
   5.6400000e+02   4.5305262e+02
   5.6500000e+02   4.4704559e+02
   5.6600000e+02   4.4301599e+02
   5.6700000e+02   4.4133786e+02
   5.6800000e+02   4.4227897e+02
   5.6900000e+02   4.4578999e+02
   5.7000000e+02   4.5180737e+02
   5.7100000e+02   4.5989061e+02
   5.7200000e+02   4.6954567e+02
   5.7300000e+02   4.8004289e+02
   5.7400000e+02   4.9060203e+02
   5.7500000e+02   5.0030054e+02
   5.7600000e+02   5.0833312e+02
   5.7700000e+02   5.1393940e+02
   5.7800000e+02   5.1651368e+02
   5.7900000e+02   5.1577505e+02
   5.8000000e+02   5.1173196e+02
   5.8100000e+02   5.0452611e+02
   5.8200000e+02   4.9494537e+02
   5.8300000e+02   4.8353739e+02
   5.8400000e+02   4.7143680e+02
   5.8500000e+02   4.5954852e+02
   5.8600000e+02   4.4889957e+02
   5.8700000e+02   4.4029694e+02
   5.8800000e+02   4.3456126e+02
   5.8900000e+02   4.3205073e+02
   5.9000000e+02   4.3312096e+02
   5.9100000e+02   4.3768816e+02
   5.9200000e+02   4.4547891e+02
   5.9300000e+02   4.5593095e+02
   5.9400000e+02   4.6820055e+02
   5.9500000e+02   4.8129840e+02
   5.9600000e+02   4.9399484e+02
   5.9700000e+02   5.0519436e+02
   5.9800000e+02   5.1368810e+02
   5.9900000e+02   5.1877267e+02
   6.0000000e+02   5.1976394e+02
   6.0100000e+02   5.1676054e+02
   6.0200000e+02   5.0992602e+02
   6.0300000e+02   5.0009215e+02
   6.0400000e+02   4.8821047e+02
   6.0500000e+02   4.7545281e+02
   6.0600000e+02   4.6299016e+02
   6.0700000e+02   4.5194689e+02
   6.0800000e+02   4.4314621e+02
   6.0900000e+02   4.3731561e+02
   6.1000000e+02   4.3479678e+02
   6.1100000e+02   4.3564201e+02
   6.1200000e+02   4.3972562e+02
   6.1300000e+02   4.4658886e+02
   6.1400000e+02   4.5554763e+02
   6.1500000e+02   4.6585881e+02
   6.1600000e+02   4.7656990e+02
   6.1700000e+02   4.8675575e+02
   6.1800000e+02   4.9555282e+02
   6.1900000e+02   5.0233609e+02
   6.2000000e+02   5.0643754e+02
   6.2100000e+02   5.0784514e+02
   6.2200000e+02   5.0644750e+02
   6.2300000e+02   5.0261455e+02
   6.2400000e+02   4.9682334e+02
   6.2500000e+02   4.8974566e+02
   6.2600000e+02   4.8200188e+02
   6.2700000e+02   4.7436138e+02
   6.2800000e+02   4.6734713e+02
   6.2900000e+02   4.6146380e+02
   6.3000000e+02   4.5704510e+02
   6.3100000e+02   4.5425285e+02
   6.3200000e+02   4.5305105e+02
   6.3300000e+02   4.5338609e+02
   6.3400000e+02   4.5499166e+02
   6.3500000e+02   4.5753132e+02
   6.3600000e+02   4.6075772e+02
   6.3700000e+02   4.6428655e+02
   6.3800000e+02   4.6782114e+02
   6.3900000e+02   4.7123901e+02
   6.4000000e+02   4.7431006e+02
   6.4100000e+02   4.7699835e+02
   6.4200000e+02   4.7934483e+02
   6.4300000e+02   4.8134686e+02
   6.4400000e+02   4.8301935e+02
   6.4500000e+02   4.8447398e+02
   6.4600000e+02   4.8564213e+02
   6.4700000e+02   4.8641978e+02
   6.4800000e+02   4.8686853e+02
   6.4900000e+02   4.8667656e+02
   6.5000000e+02   4.8580237e+02
   6.5100000e+02   4.8417014e+02
   6.5200000e+02   4.8163621e+02
   6.5300000e+02   4.7823504e+02
   6.5400000e+02   4.7417905e+02
   6.5500000e+02   4.6953740e+02
   6.5600000e+02   4.6469772e+02
   6.5700000e+02   4.6006387e+02
   6.5800000e+02   4.5594818e+02
   6.5900000e+02   4.5283440e+02
   6.6000000e+02   4.5110573e+02
   6.6100000e+02   4.5099108e+02
   6.6200000e+02   4.5265802e+02
   6.6300000e+02   4.5627042e+02
   6.6400000e+02   4.6148587e+02
   6.6500000e+02   4.6815470e+02
   6.6600000e+02   4.7583151e+02
   6.6700000e+02   4.8374757e+02
   6.6800000e+02   4.9140628e+02
   6.6900000e+02   4.9801912e+02
   6.7000000e+02   5.0283526e+02
   6.7100000e+02   5.0538354e+02
   6.7200000e+02   5.0535482e+02
   6.7300000e+02   5.0242794e+02
   6.7400000e+02   4.9700273e+02
   6.7500000e+02   4.8938229e+02
   6.7600000e+02   4.8020107e+02
   6.7700000e+02   4.7030847e+02
   6.7800000e+02   4.6063055e+02
   6.7900000e+02   4.5184606e+02
   6.8000000e+02   4.4495126e+02
   6.8100000e+02   4.4041955e+02
   6.8200000e+02   4.3863676e+02
   6.8300000e+02   4.3992211e+02
   6.8400000e+02   4.4410562e+02
   6.8500000e+02   4.5090580e+02
   6.8600000e+02   4.5985262e+02
   6.8700000e+02   4.7019689e+02
   6.8800000e+02   4.8100099e+02
   6.8900000e+02   4.9145184e+02
   6.9000000e+02   5.0055932e+02
   6.9100000e+02   5.0740334e+02
   6.9200000e+02   5.1153747e+02
   6.9300000e+02   5.1245927e+02
   6.9400000e+02   5.1007657e+02
   6.9500000e+02   5.0476828e+02
   6.9600000e+02   4.9698281e+02
   6.9700000e+02   4.8733676e+02
   6.9800000e+02   4.7697758e+02
   6.9900000e+02   4.6653512e+02
   7.0000000e+02   4.5701496e+02
   7.0100000e+02   4.4921519e+02
   7.0200000e+02   4.4364351e+02
   7.0300000e+02   4.4069779e+02
   7.0400000e+02   4.4070287e+02
   7.0500000e+02   4.4347336e+02
   7.0600000e+02   4.4879069e+02
   7.0700000e+02   4.5632669e+02
   7.0800000e+02   4.6525379e+02
   7.0900000e+02   4.7486934e+02
   7.1000000e+02   4.8442597e+02
   7.1100000e+02   4.9282950e+02
   7.1200000e+02   4.9943082e+02
   7.1300000e+02   5.0366078e+02
   7.1400000e+02   5.0493907e+02
   7.1500000e+02   5.0334035e+02
   7.1600000e+02   4.9907786e+02
   7.1700000e+02   4.9249554e+02
   7.1800000e+02   4.8443583e+02
   7.1900000e+02   4.7575263e+02
   7.2000000e+02   4.6715758e+02
   7.2100000e+02   4.5962774e+02
   7.2200000e+02   4.5379683e+02
   7.2300000e+02   4.5005516e+02
   7.2400000e+02   4.4871499e+02
   7.2500000e+02   4.4985835e+02
   7.2600000e+02   4.5302504e+02
   7.2700000e+02   4.5804728e+02
   7.2800000e+02   4.6417558e+02
   7.2900000e+02   4.7075356e+02
   7.3000000e+02   4.7710978e+02
   7.3100000e+02   4.8264664e+02
   7.3200000e+02   4.8668132e+02
   7.3300000e+02   4.8907960e+02
   7.3400000e+02   4.8962086e+02
   7.3500000e+02   4.8836726e+02
   7.3600000e+02   4.8569872e+02
   7.3700000e+02   4.8205031e+02
   7.3800000e+02   4.7780145e+02
   7.3900000e+02   4.7368087e+02
   7.4000000e+02   4.7008105e+02
   7.4100000e+02   4.6731526e+02
   7.4200000e+02   4.6580226e+02
   7.4300000e+02   4.6555868e+02
   7.4400000e+02   4.6642061e+02
   7.4500000e+02   4.6843462e+02
   7.4600000e+02   4.7101879e+02
   7.4700000e+02   4.7389584e+02
   7.4800000e+02   4.7661640e+02
   7.4900000e+02   4.7877794e+02
   7.5000000e+02   4.7990403e+02
   7.5100000e+02   4.8005962e+02
   7.5200000e+02   4.7891168e+02
   7.5300000e+02   4.7671248e+02
   7.5400000e+02   4.7376707e+02
   7.5500000e+02   4.7036388e+02
   7.5600000e+02   4.6698523e+02
   7.5700000e+02   4.6418291e+02
   7.5800000e+02   4.6226645e+02
   7.5900000e+02   4.6155347e+02
   7.6000000e+02   4.6236432e+02
   7.6100000e+02   4.6446985e+02
   7.6200000e+02   4.6787239e+02
   7.6300000e+02   4.7215481e+02
   7.6400000e+02   4.7688293e+02
   7.6500000e+02   4.8139945e+02
   7.6600000e+02   4.8536213e+02
   7.6700000e+02   4.8798521e+02
   7.6800000e+02   4.8907988e+02
   7.6900000e+02   4.8844445e+02
   7.7000000e+02   4.8597241e+02
   7.7100000e+02   4.8199821e+02
   7.7200000e+02   4.7697248e+02
   7.7300000e+02   4.7129383e+02
   7.7400000e+02   4.6571964e+02
   7.7500000e+02   4.6082261e+02
   7.7600000e+02   4.5705692e+02
   7.7700000e+02   4.5489624e+02
   7.7800000e+02   4.5459764e+02
   7.7900000e+02   4.5608611e+02
   7.8000000e+02   4.5938959e+02
   7.8100000e+02   4.6408666e+02
   7.8200000e+02   4.6976167e+02
   7.8300000e+02   4.7581556e+02
   7.8400000e+02   4.8176279e+02
   7.8500000e+02   4.8679963e+02
   7.8600000e+02   4.9065350e+02
   7.8700000e+02   4.9276176e+02
   7.8800000e+02   4.9300399e+02
   7.8900000e+02   4.9136671e+02
   7.9000000e+02   4.8809021e+02
   7.9100000e+02   4.8344103e+02
   7.9200000e+02   4.7803446e+02
   7.9300000e+02   4.7237707e+02
   7.9400000e+02   4.6701540e+02
   7.9500000e+02   4.6253889e+02
   7.9600000e+02   4.5934739e+02
   7.9700000e+02   4.5765135e+02
   7.9800000e+02   4.5768325e+02
   7.9900000e+02   4.5931884e+02
   8.0000000e+02   4.6231219e+02
   8.0100000e+02   4.6640742e+02
   8.0200000e+02   4.7102778e+02
   8.0300000e+02   4.7566616e+02
   8.0400000e+02   4.7984785e+02
   8.0500000e+02   4.8302639e+02
   8.0600000e+02   4.8488113e+02
   8.0700000e+02   4.8525277e+02
   8.0800000e+02   4.8408360e+02
   8.0900000e+02   4.8158264e+02
   8.1000000e+02   4.7810161e+02
   8.1100000e+02   4.7409539e+02
   8.1200000e+02   4.6998466e+02
   8.1300000e+02   4.6641974e+02
   8.1400000e+02   4.6366046e+02
   8.1500000e+02   4.6215880e+02
   8.1600000e+02   4.6202943e+02
   8.1700000e+02   4.6333078e+02
   8.1800000e+02   4.6589820e+02
   8.1900000e+02   4.6952734e+02
   8.2000000e+02   4.7372928e+02
   8.2100000e+02   4.7812817e+02
   8.2200000e+02   4.8215127e+02
   8.2300000e+02   4.8535520e+02
   8.2400000e+02   4.8730254e+02
   8.2500000e+02   4.8773365e+02
   8.2600000e+02   4.8653424e+02
   8.2700000e+02   4.8371585e+02
   8.2800000e+02   4.7958605e+02
   8.2900000e+02   4.7449445e+02
   8.3000000e+02   4.6895594e+02
   8.3100000e+02   4.6360395e+02
   8.3200000e+02   4.5894082e+02
   8.3300000e+02   4.5557881e+02
   8.3400000e+02   4.5387226e+02
   8.3500000e+02   4.5418803e+02
   8.3600000e+02   4.5649354e+02
   8.3700000e+02   4.6081802e+02
   8.3800000e+02   4.6672916e+02
   8.3900000e+02   4.7378309e+02
   8.4000000e+02   4.8129024e+02
   8.4100000e+02   4.8851344e+02
   8.4200000e+02   4.9459368e+02
   8.4300000e+02   4.9891655e+02
   8.4400000e+02   5.0081700e+02
   8.4500000e+02   5.0003183e+02
   8.4600000e+02   4.9652414e+02
   8.4700000e+02   4.9051954e+02
   8.4800000e+02   4.8264623e+02
   8.4900000e+02   4.7356624e+02
   8.5000000e+02   4.6428779e+02
   8.5100000e+02   4.5562025e+02
   8.5200000e+02   4.4849344e+02
   8.5300000e+02   4.4359988e+02
   8.5400000e+02   4.4141922e+02
   8.5500000e+02   4.4226078e+02
   8.5600000e+02   4.4613738e+02
   8.5700000e+02   4.5272338e+02
   8.5800000e+02   4.6156627e+02
   8.5900000e+02   4.7190754e+02
   8.6000000e+02   4.8275530e+02
   8.6100000e+02   4.9321269e+02
   8.6200000e+02   5.0215516e+02
   8.6300000e+02   5.0871465e+02
   8.6400000e+02   5.1224036e+02
   8.6500000e+02   5.1234317e+02
   8.6600000e+02   5.0894846e+02
   8.6700000e+02   5.0248693e+02
   8.6800000e+02   4.9354723e+02
   8.6900000e+02   4.8297502e+02
   8.7000000e+02   4.7191213e+02
   8.7100000e+02   4.6123341e+02
   8.7200000e+02   4.5197494e+02
   8.7300000e+02   4.4491274e+02
   8.7400000e+02   4.4056729e+02
   8.7500000e+02   4.3927718e+02
   8.7600000e+02   4.4113087e+02
   8.7700000e+02   4.4584332e+02
   8.7800000e+02   4.5297526e+02
   8.7900000e+02   4.6189705e+02
   8.8000000e+02   4.7169077e+02
   8.8100000e+02   4.8145749e+02
   8.8200000e+02   4.9030781e+02
   8.8300000e+02   4.9732111e+02
   8.8400000e+02   5.0189786e+02
   8.8500000e+02   5.0374131e+02
   8.8600000e+02   5.0268973e+02
   8.8700000e+02   4.9903460e+02
   8.8800000e+02   4.9336748e+02
   8.8900000e+02   4.8622124e+02
   8.9000000e+02   4.7853572e+02
   8.9100000e+02   4.7100495e+02
   8.9200000e+02   4.6433319e+02
   8.9300000e+02   4.5897765e+02
   8.9400000e+02   4.5542086e+02
   8.9500000e+02   4.5359425e+02
   8.9600000e+02   4.5358224e+02
   8.9700000e+02   4.5514942e+02
   8.9800000e+02   4.5786165e+02
   8.9900000e+02   4.6138988e+02
   9.0000000e+02   4.6533710e+02
   9.0100000e+02   4.6917716e+02
   9.0200000e+02   4.7271414e+02
   9.0300000e+02   4.7572234e+02
   9.0400000e+02   4.7795333e+02
   9.0500000e+02   4.7958887e+02
   9.0600000e+02   4.8066752e+02
   9.0700000e+02   4.8124068e+02
   9.0800000e+02   4.8163329e+02
   9.0900000e+02   4.8194055e+02
   9.1000000e+02   4.8224346e+02
   9.1100000e+02   4.8265121e+02
   9.1200000e+02   4.8318249e+02
   9.1300000e+02   4.8352531e+02
   9.1400000e+02   4.8379850e+02
   9.1500000e+02   4.8356767e+02
   9.1600000e+02   4.8269156e+02
   9.1700000e+02   4.8104025e+02
   9.1800000e+02   4.7848717e+02
   9.1900000e+02   4.7495306e+02
   9.2000000e+02   4.7074387e+02
   9.2100000e+02   4.6601537e+02
   9.2200000e+02   4.6109566e+02
   9.2300000e+02   4.5662267e+02
   9.2400000e+02   4.5290870e+02
   9.2500000e+02   4.5048442e+02
   9.2600000e+02   4.4980789e+02
   9.2700000e+02   4.5110946e+02
   9.2800000e+02   4.5438885e+02
   9.2900000e+02   4.5984513e+02
   9.3000000e+02   4.6686849e+02
   9.3100000e+02   4.7516438e+02
   9.3200000e+02   4.8405738e+02
   9.3300000e+02   4.9266225e+02
   9.3400000e+02   5.0018191e+02
   9.3500000e+02   5.0591782e+02
   9.3600000e+02   5.0903237e+02
   9.3700000e+02   5.0917031e+02
   9.3800000e+02   5.0622653e+02
   9.3900000e+02   5.0021852e+02
   9.4000000e+02   4.9165580e+02
   9.4100000e+02   4.8134580e+02
   9.4200000e+02   4.6999039e+02
   9.4300000e+02   4.5871171e+02
   9.4400000e+02   4.4847001e+02
   9.4500000e+02   4.4010385e+02
   9.4600000e+02   4.3435560e+02
   9.4700000e+02   4.3189574e+02
   9.4800000e+02   4.3280474e+02
   9.4900000e+02   4.3733912e+02
   9.5000000e+02   4.4520059e+02
   9.5100000e+02   4.5591866e+02
   9.5200000e+02   4.6872141e+02
   9.5300000e+02   4.8280021e+02
   9.5400000e+02   4.9676061e+02
   9.5500000e+02   5.0959060e+02
   9.5600000e+02   5.2008919e+02
   9.5700000e+02   5.2701957e+02
   9.5800000e+02   5.2982256e+02
   9.5900000e+02   5.2812107e+02
   9.6000000e+02   5.2176162e+02
   9.6100000e+02   5.1154019e+02
   9.6200000e+02   4.9822186e+02
   9.6300000e+02   4.8291485e+02
   9.6400000e+02   4.6715511e+02
   9.6500000e+02   4.5220667e+02
   9.6600000e+02   4.3927444e+02
   9.6700000e+02   4.2957582e+02
   9.6800000e+02   4.2380213e+02
   9.6900000e+02   4.2236874e+02
   9.7000000e+02   4.2558148e+02
   9.7100000e+02   4.3312323e+02
   9.7200000e+02   4.4438447e+02
   9.7300000e+02   4.5862920e+02
   9.7400000e+02   4.7452091e+02
   9.7500000e+02   4.9059569e+02
   9.7600000e+02   5.0559894e+02
   9.7700000e+02   5.1777673e+02
   9.7800000e+02   5.2613167e+02
   9.7900000e+02   5.2981467e+02
   9.8000000e+02   5.2853742e+02
   9.8100000e+02   5.2245468e+02
   9.8200000e+02   5.1252666e+02
   9.8300000e+02   4.9959325e+02
   9.8400000e+02   4.8514485e+02
   9.8500000e+02   4.7052862e+02
   9.8600000e+02   4.5702273e+02
   9.8700000e+02   4.4564530e+02
   9.8800000e+02   4.3734501e+02
   9.8900000e+02   4.3247501e+02
   9.9000000e+02   4.3127855e+02
   9.9100000e+02   4.3374032e+02
   9.9200000e+02   4.3937214e+02
   9.9300000e+02   4.4763056e+02
   9.9400000e+02   4.5778489e+02
   9.9500000e+02   4.6880971e+02
   9.9600000e+02   4.7981583e+02
   9.9700000e+02   4.8988623e+02
   9.9800000e+02   4.9817717e+02
   9.9900000e+02   5.0398174e+02
   1.0000000e+03   5.0721050e+02
