  -0.0000000e+00   4.3935805e+02
   1.0000000e+00   4.3541187e+02
   2.0000000e+00   4.3102333e+02
   3.0000000e+00   4.2665173e+02
   4.0000000e+00   4.2271879e+02
   5.0000000e+00   4.1957071e+02
   6.0000000e+00   4.1749145e+02
   7.0000000e+00   4.1673350e+02
   8.0000000e+00   4.1725519e+02
   9.0000000e+00   4.1912964e+02
   1.0000000e+01   4.2211703e+02
   1.1000000e+01   4.2602920e+02
   1.2000000e+01   4.3048684e+02
   1.3000000e+01   4.3519644e+02
   1.4000000e+01   4.3969502e+02
   1.5000000e+01   4.4365770e+02
   1.6000000e+01   4.4672647e+02
   1.7000000e+01   4.4864289e+02
   1.8000000e+01   4.4923088e+02
   1.9000000e+01   4.4848156e+02
   2.0000000e+01   4.4640913e+02
   2.1000000e+01   4.4327386e+02
   2.2000000e+01   4.3934153e+02
   2.3000000e+01   4.3497302e+02
   2.4000000e+01   4.3058135e+02
   2.5000000e+01   4.2652497e+02
   2.6000000e+01   4.2314699e+02
   2.7000000e+01   4.2067877e+02
   2.8000000e+01   4.1927306e+02
   2.9000000e+01   4.1899267e+02
   3.0000000e+01   4.1974331e+02
   3.1000000e+01   4.2144673e+02
   3.2000000e+01   4.2388723e+02
   3.3000000e+01   4.2680521e+02
   3.4000000e+01   4.3002728e+02
   3.5000000e+01   4.3326198e+02
   3.6000000e+01   4.3631375e+02
   3.7000000e+01   4.3901390e+02
   3.8000000e+01   4.4123955e+02
   3.9000000e+01   4.4285519e+02
   4.0000000e+01   4.4387478e+02
   4.1000000e+01   4.4423931e+02
   4.2000000e+01   4.4395517e+02
   4.3000000e+01   4.4311436e+02
   4.4000000e+01   4.4172250e+02
   4.5000000e+01   4.3984100e+02
   4.6000000e+01   4.3760660e+02
   4.7000000e+01   4.3506302e+02
   4.8000000e+01   4.3231202e+02
   4.9000000e+01   4.2953186e+02
   5.0000000e+01   4.2677050e+02
   5.1000000e+01   4.2423172e+02
   5.2000000e+01   4.2204414e+02
   5.3000000e+01   4.2034310e+02
   5.4000000e+01   4.1926097e+02
   5.5000000e+01   4.1894804e+02
   5.6000000e+01   4.1945058e+02
   5.7000000e+01   4.2079227e+02
   5.8000000e+01   4.2304505e+02
   5.9000000e+01   4.2602165e+02
   6.0000000e+01   4.2966448e+02
   6.1000000e+01   4.3376603e+02
   6.2000000e+01   4.3803974e+02
   6.3000000e+01   4.4220131e+02
   6.4000000e+01   4.4599374e+02
   6.5000000e+01   4.4895934e+02
   6.6000000e+01   4.5094367e+02
   6.7000000e+01   4.5162852e+02
   6.8000000e+01   4.5090376e+02
   6.9000000e+01   4.4870085e+02
   7.0000000e+01   4.4519267e+02
   7.1000000e+01   4.4051118e+02
   7.2000000e+01   4.3504961e+02
   7.3000000e+01   4.2925628e+02
   7.4000000e+01   4.2351378e+02
   7.5000000e+01   4.1834416e+02
   7.6000000e+01   4.1421469e+02
   7.7000000e+01   4.1135247e+02
   7.8000000e+01   4.1011730e+02
   7.9000000e+01   4.1061370e+02
   8.0000000e+01   4.1279663e+02
   8.1000000e+01   4.1660473e+02
   8.2000000e+01   4.2185633e+02
   8.3000000e+01   4.2807897e+02
   8.4000000e+01   4.3502152e+02
   8.5000000e+01   4.4214672e+02
   8.6000000e+01   4.4888468e+02
   8.7000000e+01   4.5478172e+02
   8.8000000e+01   4.5939762e+02
   8.9000000e+01   4.6210535e+02
   9.0000000e+01   4.6284020e+02
   9.1000000e+01   4.6127953e+02
   9.2000000e+01   4.5743143e+02
   9.3000000e+01   4.5162124e+02
   9.4000000e+01   4.4416865e+02
   9.5000000e+01   4.3559384e+02
   9.6000000e+01   4.2673129e+02
   9.7000000e+01   4.1817759e+02
   9.8000000e+01   4.1066137e+02
   9.9000000e+01   4.0488810e+02
   1.0000000e+02   4.0127859e+02
   1.0100000e+02   4.0014543e+02
   1.0200000e+02   4.0172390e+02
   1.0300000e+02   4.0588021e+02
   1.0400000e+02   4.1233344e+02
   1.0500000e+02   4.2081294e+02
   1.0600000e+02   4.3052594e+02
   1.0700000e+02   4.4083016e+02
   1.0800000e+02   4.5091732e+02
   1.0900000e+02   4.5983486e+02
   1.1000000e+02   4.6673391e+02
   1.1100000e+02   4.7103762e+02
   1.1200000e+02   4.7203629e+02
   1.1300000e+02   4.6969914e+02
   1.1400000e+02   4.6412487e+02
   1.1500000e+02   4.5584882e+02
   1.1600000e+02   4.4560647e+02
   1.1700000e+02   4.3459932e+02
   1.1800000e+02   4.2368161e+02
   1.1900000e+02   4.1395931e+02
   1.2000000e+02   4.0624345e+02
   1.2100000e+02   4.0101459e+02
   1.2200000e+02   3.9858141e+02
   1.2300000e+02   3.9907963e+02
   1.2400000e+02   4.0217407e+02
   1.2500000e+02   4.0761671e+02
   1.2600000e+02   4.1492880e+02
   1.2700000e+02   4.2341782e+02
   1.2800000e+02   4.3247351e+02
   1.2900000e+02   4.4153139e+02
   1.3000000e+02   4.4971829e+02
   1.3100000e+02   4.5664353e+02
   1.3200000e+02   4.6177875e+02
   1.3300000e+02   4.6468299e+02
   1.3400000e+02   4.6525756e+02
   1.3500000e+02   4.6361657e+02
   1.3600000e+02   4.5964463e+02
   1.3700000e+02   4.5404867e+02
   1.3800000e+02   4.4713444e+02
   1.3900000e+02   4.3946628e+02
   1.4000000e+02   4.3175186e+02
   1.4100000e+02   4.2452066e+02
   1.4200000e+02   4.1818546e+02
   1.4300000e+02   4.1326500e+02
   1.4400000e+02   4.0995867e+02
   1.4500000e+02   4.0829975e+02
   1.4600000e+02   4.0847743e+02
   1.4700000e+02   4.1024732e+02
   1.4800000e+02   4.1342726e+02
   1.4900000e+02   4.1782544e+02
   1.5000000e+02   4.2312092e+02
   1.5100000e+02   4.2883776e+02
   1.5200000e+02   4.3487835e+02
   1.5300000e+02   4.4066882e+02
   1.5400000e+02   4.4597531e+02
   1.5500000e+02   4.5054997e+02
   1.5600000e+02   4.5406877e+02
   1.5700000e+02   4.5629399e+02
   1.5800000e+02   4.5722505e+02
   1.5900000e+02   4.5663561e+02
   1.6000000e+02   4.5455588e+02
   1.6100000e+02   4.5115871e+02
   1.6200000e+02   4.4649919e+02
   1.6300000e+02   4.4083075e+02
   1.6400000e+02   4.3461691e+02
   1.6500000e+02   4.2805198e+02
   1.6600000e+02   4.2165791e+02
   1.6700000e+02   4.1588236e+02
   1.6800000e+02   4.1105400e+02
   1.6900000e+02   4.0752827e+02
   1.7000000e+02   4.0569028e+02
   1.7100000e+02   4.0557116e+02
   1.7200000e+02   4.0735199e+02
   1.7300000e+02   4.1098485e+02
   1.7400000e+02   4.1628918e+02
   1.7500000e+02   4.2295698e+02
   1.7600000e+02   4.3074599e+02
   1.7700000e+02   4.3898866e+02
   1.7800000e+02   4.4722762e+02
   1.7900000e+02   4.5490431e+02
   1.8000000e+02   4.6125227e+02
   1.8100000e+02   4.6579514e+02
   1.8200000e+02   4.6810527e+02
   1.8300000e+02   4.6766453e+02
   1.8400000e+02   4.6454548e+02
   1.8500000e+02   4.5884120e+02
   1.8600000e+02   4.5084145e+02
   1.8700000e+02   4.4130038e+02
   1.8800000e+02   4.3103853e+02
   1.8900000e+02   4.2081033e+02
   1.9000000e+02   4.1165184e+02
   1.9100000e+02   4.0430650e+02
   1.9200000e+02   3.9929612e+02
   1.9300000e+02   3.9713096e+02
   1.9400000e+02   3.9793725e+02
   1.9500000e+02   4.0158658e+02
   1.9600000e+02   4.0792025e+02
   1.9700000e+02   4.1643241e+02
   1.9800000e+02   4.2643665e+02
   1.9900000e+02   4.3734398e+02
   2.0000000e+02   4.4821261e+02
   2.0100000e+02   4.5824048e+02
   2.0200000e+02   4.6664938e+02
   2.0300000e+02   4.7269614e+02
   2.0400000e+02   4.7578503e+02
   2.0500000e+02   4.7568722e+02
   2.0600000e+02   4.7226862e+02
   2.0700000e+02   4.6572464e+02
   2.0800000e+02   4.5671433e+02
   2.0900000e+02   4.4585429e+02
   2.1000000e+02   4.3412401e+02
   2.1100000e+02   4.2252068e+02
   2.1200000e+02   4.1194116e+02
   2.1300000e+02   4.0317802e+02
   2.1400000e+02   3.9693350e+02
   2.1500000e+02   3.9353397e+02
   2.1600000e+02   3.9322402e+02
   2.1700000e+02   3.9599970e+02
   2.1800000e+02   4.0162974e+02
   2.1900000e+02   4.0972391e+02
   2.2000000e+02   4.1974162e+02
   2.2100000e+02   4.3100633e+02
   2.2200000e+02   4.4260188e+02
   2.2300000e+02   4.5379177e+02
   2.2400000e+02   4.6350660e+02
   2.2500000e+02   4.7095721e+02
   2.2600000e+02   4.7541789e+02
   2.2700000e+02   4.7635930e+02
   2.2800000e+02   4.7356025e+02
   2.2900000e+02   4.6737874e+02
   2.3000000e+02   4.5821581e+02
   2.3100000e+02   4.4713380e+02
   2.3200000e+02   4.3524715e+02
   2.3300000e+02   4.2368771e+02
   2.3400000e+02   4.1356759e+02
   2.3500000e+02   4.0575319e+02
   2.3600000e+02   4.0072267e+02
   2.3700000e+02   3.9875379e+02
   2.3800000e+02   3.9981171e+02
   2.3900000e+02   4.0354771e+02
   2.4000000e+02   4.0952625e+02
   2.4100000e+02   4.1714198e+02
   2.4200000e+02   4.2565767e+02
   2.4300000e+02   4.3444360e+02
   2.4400000e+02   4.4273559e+02
   2.4500000e+02   4.5000417e+02
   2.4600000e+02   4.5568366e+02
   2.4700000e+02   4.5950232e+02
   2.4800000e+02   4.6120261e+02
   2.4900000e+02   4.6085176e+02
   2.5000000e+02   4.5855438e+02
   2.5100000e+02   4.5465783e+02
   2.5200000e+02   4.4952248e+02
   2.5300000e+02   4.4367597e+02
   2.5400000e+02   4.3751597e+02
   2.5500000e+02   4.3156101e+02
   2.5600000e+02   4.2612803e+02
   2.5700000e+02   4.2153636e+02
   2.5800000e+02   4.1796778e+02
   2.5900000e+02   4.1553484e+02
   2.6000000e+02   4.1424963e+02
   2.6100000e+02   4.1407324e+02
   2.6200000e+02   4.1491549e+02
   2.6300000e+02   4.1666649e+02
   2.6400000e+02   4.1915356e+02
   2.6500000e+02   4.2227668e+02
   2.6600000e+02   4.2585877e+02
   2.6700000e+02   4.2973588e+02
   2.6800000e+02   4.3382728e+02
   2.6900000e+02   4.3787926e+02
   2.7000000e+02   4.4180555e+02
   2.7100000e+02   4.4535278e+02
   2.7200000e+02   4.4839286e+02
   2.7300000e+02   4.5061509e+02
   2.7400000e+02   4.5195586e+02
   2.7500000e+02   4.5210413e+02
   2.7600000e+02   4.5105242e+02
   2.7700000e+02   4.4868796e+02
   2.7800000e+02   4.4512670e+02
   2.7900000e+02   4.4044736e+02
   2.8000000e+02   4.3506004e+02
   2.8100000e+02   4.2918557e+02
   2.8200000e+02   4.2336253e+02
   2.8300000e+02   4.1801727e+02
   2.8400000e+02   4.1357860e+02
   2.8500000e+02   4.1043522e+02
   2.8600000e+02   4.0890526e+02
   2.8700000e+02   4.0912842e+02
   2.8800000e+02   4.1116510e+02
   2.8900000e+02   4.1495455e+02
   2.9000000e+02   4.2025575e+02
   2.9100000e+02   4.2669419e+02
   2.9200000e+02   4.3395751e+02
   2.9300000e+02   4.4135842e+02
   2.9400000e+02   4.4847957e+02
   2.9500000e+02   4.5466612e+02
   2.9600000e+02   4.5942617e+02
   2.9700000e+02   4.6223685e+02
   2.9800000e+02   4.6290967e+02
   2.9900000e+02   4.6111879e+02
   3.0000000e+02   4.5709024e+02
   3.0100000e+02   4.5100058e+02
   3.0200000e+02   4.4338709e+02
   3.0300000e+02   4.3484092e+02
   3.0400000e+02   4.2618508e+02
   3.0500000e+02   4.1809922e+02
   3.0600000e+02   4.1129189e+02
   3.0700000e+02   4.0643402e+02
   3.0800000e+02   4.0376547e+02
   3.0900000e+02   4.0364926e+02
   3.1000000e+02   4.0602681e+02
   3.1100000e+02   4.1069003e+02
   3.1200000e+02   4.1728000e+02
   3.1300000e+02   4.2534676e+02
   3.1400000e+02   4.3405314e+02
   3.1500000e+02   4.4287385e+02
   3.1600000e+02   4.5094336e+02
   3.1700000e+02   4.5754115e+02
   3.1800000e+02   4.6212324e+02
   3.1900000e+02   4.6427469e+02
   3.2000000e+02   4.6366053e+02
   3.2100000e+02   4.6050912e+02
   3.2200000e+02   4.5504371e+02
   3.2300000e+02   4.4774203e+02
   3.2400000e+02   4.3944376e+02
   3.2500000e+02   4.3082783e+02
   3.2600000e+02   4.2262014e+02
   3.2700000e+02   4.1564056e+02
   3.2800000e+02   4.1026948e+02
   3.2900000e+02   4.0693856e+02
   3.3000000e+02   4.0583380e+02
   3.3100000e+02   4.0694410e+02
   3.3200000e+02   4.1003336e+02
   3.3300000e+02   4.1495398e+02
   3.3400000e+02   4.2114791e+02
   3.3500000e+02   4.2815325e+02
   3.3600000e+02   4.3544688e+02
   3.3700000e+02   4.4241420e+02
   3.3800000e+02   4.4840651e+02
   3.3900000e+02   4.5310244e+02
   3.4000000e+02   4.5591181e+02
   3.4100000e+02   4.5666607e+02
   3.4200000e+02   4.5537365e+02
   3.4300000e+02   4.5207500e+02
   3.4400000e+02   4.4715451e+02
   3.4500000e+02   4.4121986e+02
   3.4600000e+02   4.3477303e+02
   3.4700000e+02   4.2852415e+02
   3.4800000e+02   4.2313818e+02
   3.4900000e+02   4.1902296e+02
   3.5000000e+02   4.1651424e+02
   3.5100000e+02   4.1586757e+02
   3.5200000e+02   4.1685967e+02
   3.5300000e+02   4.1935092e+02
   3.5400000e+02   4.2304780e+02
   3.5500000e+02   4.2732536e+02
   3.5600000e+02   4.3179997e+02
   3.5700000e+02   4.3600850e+02
   3.5800000e+02   4.3940355e+02
   3.5900000e+02   4.4176301e+02
   3.6000000e+02   4.4297350e+02
   3.6100000e+02   4.4282453e+02
   3.6200000e+02   4.4162955e+02
   3.6300000e+02   4.3959490e+02
   3.6400000e+02   4.3696633e+02
   3.6500000e+02   4.3421125e+02
   3.6600000e+02   4.3171087e+02
   3.6700000e+02   4.2960291e+02
   3.6800000e+02   4.2827921e+02
   3.6900000e+02   4.2779424e+02
   3.7000000e+02   4.2802192e+02
   3.7100000e+02   4.2904864e+02
   3.7200000e+02   4.3056150e+02
   3.7300000e+02   4.3229392e+02
   3.7400000e+02   4.3403633e+02
   3.7500000e+02   4.3549959e+02
   3.7600000e+02   4.3634784e+02
   3.7700000e+02   4.3655852e+02
   3.7800000e+02   4.3599649e+02
   3.7900000e+02   4.3462081e+02
   3.8000000e+02   4.3274642e+02
   3.8100000e+02   4.3048963e+02
   3.8200000e+02   4.2813247e+02
   3.8300000e+02   4.2611689e+02
   3.8400000e+02   4.2468941e+02
   3.8500000e+02   4.2398985e+02
   3.8600000e+02   4.2440776e+02
   3.8700000e+02   4.2576062e+02
   3.8800000e+02   4.2805014e+02
   3.8900000e+02   4.3111706e+02
   3.9000000e+02   4.3459388e+02
   3.9100000e+02   4.3806107e+02
   3.9200000e+02   4.4127614e+02
   3.9300000e+02   4.4368963e+02
   3.9400000e+02   4.4501550e+02
   3.9500000e+02   4.4515996e+02
   3.9600000e+02   4.4390797e+02
   3.9700000e+02   4.4140785e+02
   3.9800000e+02   4.3800386e+02
   3.9900000e+02   4.3391174e+02
   4.0000000e+02   4.2965512e+02
   4.0100000e+02   4.2574140e+02
   4.0200000e+02   4.2247986e+02
   4.0300000e+02   4.2024046e+02
   4.0400000e+02   4.1931365e+02
   4.0500000e+02   4.1962527e+02
   4.0600000e+02   4.2121133e+02
   4.0700000e+02   4.2388657e+02
   4.0800000e+02   4.2733481e+02
   4.0900000e+02   4.3117616e+02
   4.1000000e+02   4.3518446e+02
   4.1100000e+02   4.3875249e+02
   4.1200000e+02   4.4170444e+02
   4.1300000e+02   4.4376209e+02
   4.1400000e+02   4.4462530e+02
   4.1500000e+02   4.4435042e+02
   4.1600000e+02   4.4300932e+02
   4.1700000e+02   4.4062426e+02
   4.1800000e+02   4.3763507e+02
   4.1900000e+02   4.3429522e+02
   4.2000000e+02   4.3090328e+02
   4.2100000e+02   4.2788763e+02
   4.2200000e+02   4.2553551e+02
   4.2300000e+02   4.2395281e+02
   4.2400000e+02   4.2339292e+02
   4.2500000e+02   4.2383142e+02
   4.2600000e+02   4.2510738e+02
   4.2700000e+02   4.2715869e+02
   4.2800000e+02   4.2968502e+02
   4.2900000e+02   4.3233084e+02
   4.3000000e+02   4.3489399e+02
   4.3100000e+02   4.3702404e+02
   4.3200000e+02   4.3839894e+02
   4.3300000e+02   4.3904054e+02
   4.3400000e+02   4.3872620e+02
   4.3500000e+02   4.3758859e+02
   4.3600000e+02   4.3578796e+02
   4.3700000e+02   4.3362143e+02
   4.3800000e+02   4.3125182e+02
   4.3900000e+02   4.2919646e+02
   4.4000000e+02   4.2757417e+02
   4.4100000e+02   4.2666325e+02
   4.4200000e+02   4.2661779e+02
   4.4300000e+02   4.2744472e+02
   4.4400000e+02   4.2899744e+02
   4.4500000e+02   4.3125617e+02
   4.4600000e+02   4.3383131e+02
   4.4700000e+02   4.3649373e+02
   4.4800000e+02   4.3895562e+02
   4.4900000e+02   4.4086541e+02
   4.5000000e+02   4.4196337e+02
   4.5100000e+02   4.4212861e+02
   4.5200000e+02   4.4117744e+02
   4.5300000e+02   4.3917498e+02
   4.5400000e+02   4.3626840e+02
   4.5500000e+02   4.3269884e+02
   4.5600000e+02   4.2871957e+02
   4.5700000e+02   4.2490388e+02
   4.5800000e+02   4.2144135e+02
   4.5900000e+02   4.1888950e+02
   4.6000000e+02   4.1748549e+02
   4.6100000e+02   4.1747381e+02
   4.6200000e+02   4.1892881e+02
   4.6300000e+02   4.2190201e+02
   4.6400000e+02   4.2608588e+02
   4.6500000e+02   4.3129079e+02
   4.6600000e+02   4.3701836e+02
   4.6700000e+02   4.4276388e+02
   4.6800000e+02   4.4797563e+02
   4.6900000e+02   4.5206580e+02
   4.7000000e+02   4.5455715e+02
   4.7100000e+02   4.5503148e+02
   4.7200000e+02   4.5340712e+02
   4.7300000e+02   4.4958367e+02
   4.7400000e+02   4.4400378e+02
   4.7500000e+02   4.3708355e+02
   4.7600000e+02   4.2955908e+02
   4.7700000e+02   4.2214009e+02
   4.7800000e+02   4.1565847e+02
   4.7900000e+02   4.1067970e+02
   4.8000000e+02   4.0775570e+02
   4.8100000e+02   4.0714897e+02
   4.8200000e+02   4.0893510e+02
   4.8300000e+02   4.1296194e+02
   4.8400000e+02   4.1894384e+02
   4.8500000e+02   4.2630946e+02
   4.8600000e+02   4.3449175e+02
   4.8700000e+02   4.4277324e+02
   4.8800000e+02   4.5039934e+02
   4.8900000e+02   4.5668332e+02
   4.9000000e+02   4.6104052e+02
   4.9100000e+02   4.6293662e+02
   4.9200000e+02   4.6227770e+02
   4.9300000e+02   4.5894349e+02
   4.9400000e+02   4.5334635e+02
   4.9500000e+02   4.4593118e+02
   4.9600000e+02   4.3749251e+02
   4.9700000e+02   4.2876926e+02
   4.9800000e+02   4.2064932e+02
   4.9900000e+02   4.1380434e+02
   5.0000000e+02   4.0884352e+02
   5.0100000e+02   4.0610225e+02
   5.0200000e+02   4.0577831e+02
   5.0300000e+02   4.0777915e+02
   5.0400000e+02   4.1189504e+02
   5.0500000e+02   4.1769651e+02
   5.0600000e+02   4.2467129e+02
   5.0700000e+02   4.3216260e+02
   5.0800000e+02   4.3956769e+02
   5.0900000e+02   4.4621432e+02
   5.1000000e+02   4.5152443e+02
   5.1100000e+02   4.5510223e+02
   5.1200000e+02   4.5664883e+02
   5.1300000e+02   4.5608366e+02
   5.1400000e+02   4.5363078e+02
   5.1500000e+02   4.4953003e+02
   5.1600000e+02   4.4432834e+02
   5.1700000e+02   4.3858263e+02
   5.1800000e+02   4.3282368e+02
   5.1900000e+02   4.2757649e+02
   5.2000000e+02   4.2324549e+02
   5.2100000e+02   4.2007636e+02
   5.2200000e+02   4.1813560e+02
   5.2300000e+02   4.1751189e+02
   5.2400000e+02   4.1794605e+02
   5.2500000e+02   4.1932710e+02
   5.2600000e+02   4.2139143e+02
   5.2700000e+02   4.2385975e+02
   5.2800000e+02   4.2650581e+02
   5.2900000e+02   4.2920349e+02
   5.3000000e+02   4.3168714e+02
   5.3100000e+02   4.3397746e+02
   5.3200000e+02   4.3600417e+02
   5.3300000e+02   4.3773150e+02
   5.3400000e+02   4.3923787e+02
   5.3500000e+02   4.4053077e+02
   5.3600000e+02   4.4161171e+02
   5.3700000e+02   4.4247849e+02
   5.3800000e+02   4.4314265e+02
   5.3900000e+02   4.4343513e+02
   5.4000000e+02   4.4333664e+02
   5.4100000e+02   4.4275703e+02
   5.4200000e+02   4.4149367e+02
   5.4300000e+02   4.3961567e+02
   5.4400000e+02   4.3702879e+02
   5.4500000e+02   4.3380752e+02
   5.4600000e+02   4.3011818e+02
   5.4700000e+02   4.2620637e+02
   5.4800000e+02   4.2228283e+02
   5.4900000e+02   4.1881734e+02
   5.5000000e+02   4.1607633e+02
   5.5100000e+02   4.1441471e+02
   5.5200000e+02   4.1409786e+02
   5.5300000e+02   4.1532874e+02
   5.5400000e+02   4.1804703e+02
   5.5500000e+02   4.2228501e+02
   5.5600000e+02   4.2774518e+02
   5.5700000e+02   4.3401225e+02
   5.5800000e+02   4.4073796e+02
   5.5900000e+02   4.4728492e+02
   5.6000000e+02   4.5305082e+02
   5.6100000e+02   4.5756546e+02
   5.6200000e+02   4.6027616e+02
   5.6300000e+02   4.6078811e+02
   5.6400000e+02   4.5902981e+02
   5.6500000e+02   4.5497598e+02
   5.6600000e+02   4.4883226e+02
   5.6700000e+02   4.4123968e+02
   5.6800000e+02   4.3269238e+02
   5.6900000e+02   4.2393681e+02
   5.7000000e+02   4.1583688e+02
   5.7100000e+02   4.0898569e+02
   5.7200000e+02   4.0392440e+02
   5.7300000e+02   4.0125511e+02
   5.7400000e+02   4.0100628e+02
   5.7500000e+02   4.0332913e+02
   5.7600000e+02   4.0814941e+02
   5.7700000e+02   4.1503241e+02
   5.7800000e+02   4.2359922e+02
   5.7900000e+02   4.3330697e+02
   5.8000000e+02   4.4333000e+02
   5.8100000e+02   4.5297579e+02
   5.8200000e+02   4.6150423e+02
   5.8300000e+02   4.6802657e+02
   5.8400000e+02   4.7196848e+02
   5.8500000e+02   4.7292139e+02
   5.8600000e+02   4.7048161e+02
   5.8700000e+02   4.6489385e+02
   5.8800000e+02   4.5654819e+02
   5.8900000e+02   4.4607384e+02
   5.9000000e+02   4.3452089e+02
   5.9100000e+02   4.2297612e+02
   5.9200000e+02   4.1240544e+02
   5.9300000e+02   4.0385153e+02
   5.9400000e+02   3.9803249e+02
   5.9500000e+02   3.9531540e+02
   5.9600000e+02   3.9599505e+02
   5.9700000e+02   3.9993146e+02
   5.9800000e+02   4.0675109e+02
   5.9900000e+02   4.1590328e+02
   6.0000000e+02   4.2672495e+02
   6.0100000e+02   4.3810569e+02
   6.0200000e+02   4.4931575e+02
   6.0300000e+02   4.5924327e+02
   6.0400000e+02   4.6698662e+02
   6.0500000e+02   4.7186726e+02
   6.0600000e+02   4.7344671e+02
   6.0700000e+02   4.7139433e+02
   6.0800000e+02   4.6615616e+02
   6.0900000e+02   4.5816632e+02
   6.1000000e+02   4.4820666e+02
   6.1100000e+02   4.3743787e+02
   6.1200000e+02   4.2682824e+02
   6.1300000e+02   4.1725218e+02
   6.1400000e+02   4.0964737e+02
   6.1500000e+02   4.0442095e+02
   6.1600000e+02   4.0179615e+02
   6.1700000e+02   4.0194766e+02
   6.1800000e+02   4.0456628e+02
   6.1900000e+02   4.0922559e+02
   6.2000000e+02   4.1564786e+02
   6.2100000e+02   4.2298317e+02
   6.2200000e+02   4.3073785e+02
   6.2300000e+02   4.3827464e+02
   6.2400000e+02   4.4498392e+02
   6.2500000e+02   4.5029544e+02
   6.2600000e+02   4.5407117e+02
   6.2700000e+02   4.5586938e+02
   6.2800000e+02   4.5581448e+02
   6.2900000e+02   4.5408961e+02
   6.3000000e+02   4.5089009e+02
   6.3100000e+02   4.4666742e+02
   6.3200000e+02   4.4195200e+02
   6.3300000e+02   4.3706809e+02
   6.3400000e+02   4.3244461e+02
   6.3500000e+02   4.2850315e+02
   6.3600000e+02   4.2521609e+02
   6.3700000e+02   4.2285474e+02
   6.3800000e+02   4.2133662e+02
   6.3900000e+02   4.2057129e+02
   6.4000000e+02   4.2039922e+02
   6.4100000e+02   4.2082777e+02
   6.4200000e+02   4.2152251e+02
   6.4300000e+02   4.2255104e+02
   6.4400000e+02   4.2384704e+02
   6.4500000e+02   4.2530650e+02
   6.4600000e+02   4.2704559e+02
   6.4700000e+02   4.2912835e+02
   6.4800000e+02   4.3142647e+02
   6.4900000e+02   4.3411538e+02
   6.5000000e+02   4.3705821e+02
   6.5100000e+02   4.4010977e+02
   6.5200000e+02   4.4315591e+02
   6.5300000e+02   4.4599325e+02
   6.5400000e+02   4.4821290e+02
   6.5500000e+02   4.4971729e+02
   6.5600000e+02   4.5013711e+02
   6.5700000e+02   4.4928425e+02
   6.5800000e+02   4.4706691e+02
   6.5900000e+02   4.4358954e+02
   6.6000000e+02   4.3880506e+02
   6.6100000e+02   4.3325736e+02
   6.6200000e+02   4.2723607e+02
   6.6300000e+02   4.2122998e+02
   6.6400000e+02   4.1587646e+02
   6.6500000e+02   4.1163521e+02
   6.6600000e+02   4.0887569e+02
   6.6700000e+02   4.0807010e+02
   6.6800000e+02   4.0926124e+02
   6.6900000e+02   4.1247325e+02
   6.7000000e+02   4.1760242e+02
   6.7100000e+02   4.2428470e+02
   6.7200000e+02   4.3197032e+02
   6.7300000e+02   4.4022386e+02
   6.7400000e+02   4.4822804e+02
   6.7500000e+02   4.5528521e+02
   6.7600000e+02   4.6082634e+02
   6.7700000e+02   4.6414010e+02
   6.7800000e+02   4.6484312e+02
   6.7900000e+02   4.6286162e+02
   6.8000000e+02   4.5813083e+02
   6.8100000e+02   4.5111512e+02
   6.8200000e+02   4.4248981e+02
   6.8300000e+02   4.3294921e+02
   6.8400000e+02   4.2350280e+02
   6.8500000e+02   4.1496665e+02
   6.8600000e+02   4.0812815e+02
   6.8700000e+02   4.0348633e+02
   6.8800000e+02   4.0153976e+02
   6.8900000e+02   4.0222876e+02
   6.9000000e+02   4.0558759e+02
   6.9100000e+02   4.1125657e+02
   6.9200000e+02   4.1877994e+02
   6.9300000e+02   4.2752780e+02
   6.9400000e+02   4.3687315e+02
   6.9500000e+02   4.4594809e+02
   6.9600000e+02   4.5410359e+02
   6.9700000e+02   4.6059693e+02
   6.9800000e+02   4.6484034e+02
   6.9900000e+02   4.6646767e+02
   7.0000000e+02   4.6530112e+02
   7.0100000e+02   4.6140690e+02
   7.0200000e+02   4.5513156e+02
   7.0300000e+02   4.4712588e+02
   7.0400000e+02   4.3805245e+02
   7.0500000e+02   4.2879596e+02
   7.0600000e+02   4.2025525e+02
   7.0700000e+02   4.1301166e+02
   7.0800000e+02   4.0782297e+02
   7.0900000e+02   4.0496228e+02
   7.1000000e+02   4.0463744e+02
   7.1100000e+02   4.0677550e+02
   7.1200000e+02   4.1120709e+02
   7.1300000e+02   4.1739002e+02
   7.1400000e+02   4.2488615e+02
   7.1500000e+02   4.3294068e+02
   7.1600000e+02   4.4085471e+02
   7.1700000e+02   4.4790327e+02
   7.1800000e+02   4.5344644e+02
   7.1900000e+02   4.5690811e+02
   7.2000000e+02   4.5804281e+02
   7.2100000e+02   4.5674988e+02
   7.2200000e+02   4.5318044e+02
   7.2300000e+02   4.4789761e+02
   7.2400000e+02   4.4140630e+02
   7.2500000e+02   4.3455263e+02
   7.2600000e+02   4.2801558e+02
   7.2700000e+02   4.2247337e+02
   7.2800000e+02   4.1840749e+02
   7.2900000e+02   4.1611220e+02
   7.3000000e+02   4.1567578e+02
   7.3100000e+02   4.1698231e+02
   7.3200000e+02   4.1973403e+02
   7.3300000e+02   4.2356950e+02
   7.3400000e+02   4.2796987e+02
   7.3500000e+02   4.3242267e+02
   7.3600000e+02   4.3648258e+02
   7.3700000e+02   4.3967447e+02
   7.3800000e+02   4.4174736e+02
   7.3900000e+02   4.4253137e+02
   7.4000000e+02   4.4201480e+02
   7.4100000e+02   4.4038498e+02
   7.4200000e+02   4.3792420e+02
   7.4300000e+02   4.3502103e+02
   7.4400000e+02   4.3207161e+02
   7.4500000e+02   4.2953059e+02
   7.4600000e+02   4.2766882e+02
   7.4700000e+02   4.2676424e+02
   7.4800000e+02   4.2689848e+02
   7.4900000e+02   4.2801259e+02
   7.5000000e+02   4.2996460e+02
   7.5100000e+02   4.3246082e+02
   7.5200000e+02   4.3513767e+02
   7.5300000e+02   4.3760117e+02
   7.5400000e+02   4.3949985e+02
   7.5500000e+02   4.4048322e+02
   7.5600000e+02   4.4035118e+02
   7.5700000e+02   4.3907151e+02
   7.5800000e+02   4.3669635e+02
   7.5900000e+02   4.3351883e+02
   7.6000000e+02   4.2990563e+02
   7.6100000e+02   4.2630997e+02
   7.6200000e+02   4.2319396e+02
   7.6300000e+02   4.2105342e+02
   7.6400000e+02   4.2007807e+02
   7.6500000e+02   4.2058601e+02
   7.6600000e+02   4.2249180e+02
   7.6700000e+02   4.2569753e+02
   7.6800000e+02   4.2985806e+02
   7.6900000e+02   4.3463176e+02
   7.7000000e+02   4.3939675e+02
   7.7100000e+02   4.4371863e+02
   7.7200000e+02   4.4710066e+02
   7.7300000e+02   4.4904270e+02
   7.7400000e+02   4.4939648e+02
   7.7500000e+02   4.4802490e+02
   7.7600000e+02   4.4500817e+02
   7.7700000e+02   4.4071231e+02
   7.7800000e+02   4.3558063e+02
   7.7900000e+02   4.3010559e+02
   7.8000000e+02   4.2494377e+02
   7.8100000e+02   4.2059162e+02
   7.8200000e+02   4.1742420e+02
   7.8300000e+02   4.1584821e+02
   7.8400000e+02   4.1589427e+02
   7.8500000e+02   4.1756074e+02
   7.8600000e+02   4.2064525e+02
   7.8700000e+02   4.2489939e+02
   7.8800000e+02   4.2974326e+02
   7.8900000e+02   4.3491328e+02
   7.9000000e+02   4.3973751e+02
   7.9100000e+02   4.4379211e+02
   7.9200000e+02   4.4672377e+02
   7.9300000e+02   4.4819535e+02
   7.9400000e+02   4.4804538e+02
   7.9500000e+02   4.4639262e+02
   7.9600000e+02   4.4338293e+02
   7.9700000e+02   4.3931912e+02
   7.9800000e+02   4.3481220e+02
   7.9900000e+02   4.3021757e+02
   8.0000000e+02   4.2611385e+02
   8.0100000e+02   4.2293617e+02
   8.0200000e+02   4.2098844e+02
   8.0300000e+02   4.2035487e+02
   8.0400000e+02   4.2125921e+02
   8.0500000e+02   4.2331576e+02
   8.0600000e+02   4.2639326e+02
   8.0700000e+02   4.3012051e+02
   8.0800000e+02   4.3397542e+02
   8.0900000e+02   4.3755468e+02
   8.1000000e+02   4.4048219e+02
   8.1100000e+02   4.4231254e+02
   8.1200000e+02   4.4291000e+02
   8.1300000e+02   4.4222147e+02
   8.1400000e+02   4.4027755e+02
   8.1500000e+02   4.3733608e+02
   8.1600000e+02   4.3385953e+02
   8.1700000e+02   4.3010732e+02
   8.1800000e+02   4.2666379e+02
   8.1900000e+02   4.2393016e+02
   8.2000000e+02   4.2217509e+02
   8.2100000e+02   4.2163970e+02
   8.2200000e+02   4.2252615e+02
   8.2300000e+02   4.2454462e+02
   8.2400000e+02   4.2774053e+02
   8.2500000e+02   4.3170514e+02
   8.2600000e+02   4.3601206e+02
   8.2700000e+02   4.4025649e+02
   8.2800000e+02   4.4401984e+02
   8.2900000e+02   4.4668509e+02
   8.3000000e+02   4.4805786e+02
   8.3100000e+02   4.4783224e+02
   8.3200000e+02   4.4583008e+02
   8.3300000e+02   4.4229335e+02
   8.3400000e+02   4.3749854e+02
   8.3500000e+02   4.3175318e+02
   8.3600000e+02   4.2588453e+02
   8.3700000e+02   4.2036635e+02
   8.3800000e+02   4.1581621e+02
   8.3900000e+02   4.1286710e+02
   8.4000000e+02   4.1180860e+02
   8.4100000e+02   4.1280440e+02
   8.4200000e+02   4.1596784e+02
   8.4300000e+02   4.2099723e+02
   8.4400000e+02   4.2746729e+02
   8.4500000e+02   4.3495045e+02
   8.4600000e+02   4.4265190e+02
   8.4700000e+02   4.4983502e+02
   8.4800000e+02   4.5582795e+02
   8.4900000e+02   4.5992647e+02
   8.5000000e+02   4.6148019e+02
   8.5100000e+02   4.6048035e+02
   8.5200000e+02   4.5660311e+02
   8.5300000e+02   4.5034187e+02
   8.5400000e+02   4.4224679e+02
   8.5500000e+02   4.3311063e+02
   8.5600000e+02   4.2378539e+02
   8.5700000e+02   4.1538513e+02
   8.5800000e+02   4.0854757e+02
   8.5900000e+02   4.0399668e+02
   8.6000000e+02   4.0217368e+02
   8.6100000e+02   4.0315488e+02
   8.6200000e+02   4.0684350e+02
   8.6300000e+02   4.1302787e+02
   8.6400000e+02   4.2105006e+02
   8.6500000e+02   4.3027050e+02
   8.6600000e+02   4.4001119e+02
   8.6700000e+02   4.4923452e+02
   8.6800000e+02   4.5720201e+02
   8.6900000e+02   4.6326682e+02
   8.7000000e+02   4.6655631e+02
   8.7100000e+02   4.6696899e+02
   8.7200000e+02   4.6431491e+02
   8.7300000e+02   4.5882845e+02
   8.7400000e+02   4.5105399e+02
   8.7500000e+02   4.4194775e+02
   8.7600000e+02   4.3213792e+02
   8.7700000e+02   4.2287749e+02
   8.7800000e+02   4.1489967e+02
   8.7900000e+02   4.0886545e+02
   8.8000000e+02   4.0531173e+02
   8.8100000e+02   4.0442885e+02
   8.8200000e+02   4.0606096e+02
   8.8300000e+02   4.1007445e+02
   8.8400000e+02   4.1597195e+02
   8.8500000e+02   4.2304403e+02
   8.8600000e+02   4.3078589e+02
   8.8700000e+02   4.3831964e+02
   8.8800000e+02   4.4504185e+02
   8.8900000e+02   4.5033693e+02
   8.9000000e+02   4.5387691e+02
   8.9100000e+02   4.5525250e+02
   8.9200000e+02   4.5468995e+02
   8.9300000e+02   4.5228027e+02
   8.9400000e+02   4.4841093e+02
   8.9500000e+02   4.4369078e+02
   8.9600000e+02   4.3861187e+02
   8.9700000e+02   4.3362416e+02
   8.9800000e+02   4.2929380e+02
   8.9900000e+02   4.2581286e+02
   9.0000000e+02   4.2331262e+02
   9.0100000e+02   4.2191763e+02
   9.0200000e+02   4.2142511e+02
   9.0300000e+02   4.2165409e+02
   9.0400000e+02   4.2249921e+02
   9.0500000e+02   4.2359368e+02
   9.0600000e+02   4.2479092e+02
   9.0700000e+02   4.2596051e+02
   9.0800000e+02   4.2699809e+02
   9.0900000e+02   4.2781985e+02
   9.1000000e+02   4.2866117e+02
   9.1100000e+02   4.2942820e+02
   9.1200000e+02   4.3037471e+02
   9.1300000e+02   4.3162631e+02
   9.1400000e+02   4.3324347e+02
   9.1500000e+02   4.3526527e+02
   9.1600000e+02   4.3774077e+02
   9.1700000e+02   4.4042441e+02
   9.1800000e+02   4.4316942e+02
   9.1900000e+02   4.4573740e+02
   9.2000000e+02   4.4770174e+02
   9.2100000e+02   4.4875646e+02
   9.2200000e+02   4.4869264e+02
   9.2300000e+02   4.4713341e+02
   9.2400000e+02   4.4411167e+02
   9.2500000e+02   4.3974142e+02
   9.2600000e+02   4.3416886e+02
   9.2700000e+02   4.2792293e+02
   9.2800000e+02   4.2159670e+02
   9.2900000e+02   4.1567552e+02
   9.3000000e+02   4.1092926e+02
   9.3100000e+02   4.0781415e+02
   9.3200000e+02   4.0672321e+02
   9.3300000e+02   4.0792066e+02
   9.3400000e+02   4.1144217e+02
   9.3500000e+02   4.1707150e+02
   9.3600000e+02   4.2449252e+02
   9.3700000e+02   4.3321285e+02
   9.3800000e+02   4.4246773e+02
   9.3900000e+02   4.5163889e+02
   9.4000000e+02   4.5982146e+02
   9.4100000e+02   4.6627581e+02
   9.4200000e+02   4.7031387e+02
   9.4300000e+02   4.7142633e+02
   9.4400000e+02   4.6928046e+02
   9.4500000e+02   4.6399365e+02
   9.4600000e+02   4.5584516e+02
   9.4700000e+02   4.4551160e+02
   9.4800000e+02   4.3393808e+02
   9.4900000e+02   4.2212249e+02
   9.5000000e+02   4.1117208e+02
   9.5100000e+02   4.0200498e+02
   9.5200000e+02   3.9546493e+02
   9.5300000e+02   3.9201092e+02
   9.5400000e+02   3.9201335e+02
   9.5500000e+02   3.9543617e+02
   9.5600000e+02   4.0208175e+02
   9.5700000e+02   4.1150512e+02
   9.5800000e+02   4.2304254e+02
   9.5900000e+02   4.3590272e+02
   9.6000000e+02   4.4905528e+02
   9.6100000e+02   4.6155558e+02
   9.6200000e+02   4.7218455e+02
   9.6300000e+02   4.8006374e+02
   9.6400000e+02   4.8426864e+02
   9.6500000e+02   4.8425144e+02
   9.6600000e+02   4.7981811e+02
   9.6700000e+02   4.7129950e+02
   9.6800000e+02   4.5930927e+02
   9.6900000e+02   4.4521342e+02
   9.7000000e+02   4.3024480e+02
   9.7100000e+02   4.1596630e+02
   9.7200000e+02   4.0374392e+02
   9.7300000e+02   3.9455843e+02
   9.7400000e+02   3.8920376e+02
   9.7500000e+02   3.8796208e+02
   9.7600000e+02   3.9082029e+02
   9.7700000e+02   3.9741006e+02
   9.7800000e+02   4.0712276e+02
   9.7900000e+02   4.1910577e+02
   9.8000000e+02   4.3234257e+02
   9.8100000e+02   4.4571825e+02
   9.8200000e+02   4.5808789e+02
   9.8300000e+02   4.6839518e+02
   9.8400000e+02   4.7568913e+02
   9.8500000e+02   4.7940193e+02
   9.8600000e+02   4.7912431e+02
   9.8700000e+02   4.7502366e+02
   9.8800000e+02   4.6750376e+02
   9.8900000e+02   4.5746886e+02
   9.9000000e+02   4.4587601e+02
   9.9100000e+02   4.3399117e+02
   9.9200000e+02   4.2278733e+02
   9.9300000e+02   4.1324866e+02
   9.9400000e+02   4.0606313e+02
   9.9500000e+02   4.0155172e+02
   9.9600000e+02   3.9992199e+02
   9.9700000e+02   4.0102513e+02
   9.9800000e+02   4.0451593e+02
   9.9900000e+02   4.0998498e+02
   1.0000000e+03   4.1683993e+02
