  -0.0000000e+00   1.6150085e+02
   1.0000000e+00   1.6123115e+02
   2.0000000e+00   1.6342279e+02
   3.0000000e+00   1.6780209e+02
   4.0000000e+00   1.7403197e+02
   5.0000000e+00   1.8191879e+02
   6.0000000e+00   1.9050581e+02
   7.0000000e+00   1.9918381e+02
   8.0000000e+00   2.0735268e+02
   9.0000000e+00   2.1409168e+02
   1.0000000e+01   2.1882056e+02
   1.1000000e+01   2.2139840e+02
   1.2000000e+01   2.2115364e+02
   1.3000000e+01   2.1836620e+02
   1.4000000e+01   2.1322046e+02
   1.5000000e+01   2.0597646e+02
   1.6000000e+01   1.9727915e+02
   1.7000000e+01   1.8792197e+02
   1.8000000e+01   1.7843257e+02
   1.9000000e+01   1.6963328e+02
   2.0000000e+01   1.6232173e+02
   2.1000000e+01   1.5672837e+02
   2.2000000e+01   1.5344107e+02
   2.3000000e+01   1.5260919e+02
   2.4000000e+01   1.5405929e+02
   2.5000000e+01   1.5757648e+02
   2.6000000e+01   1.6299285e+02
   2.7000000e+01   1.6931847e+02
   2.8000000e+01   1.7640809e+02
   2.9000000e+01   1.8343657e+02
   3.0000000e+01   1.8984288e+02
   3.1000000e+01   1.9525635e+02
   3.2000000e+01   1.9944452e+02
   3.3000000e+01   2.0197525e+02
   3.4000000e+01   2.0309441e+02
   3.5000000e+01   2.0282524e+02
   3.6000000e+01   2.0121694e+02
   3.7000000e+01   1.9868868e+02
   3.8000000e+01   1.9553078e+02
   3.9000000e+01   1.9178695e+02
   4.0000000e+01   1.8802581e+02
   4.1000000e+01   1.8431112e+02
   4.2000000e+01   1.8079269e+02
   4.3000000e+01   1.7777792e+02
   4.4000000e+01   1.7537166e+02
   4.5000000e+01   1.7347909e+02
   4.6000000e+01   1.7253757e+02
   4.7000000e+01   1.7231743e+02
   4.8000000e+01   1.7297210e+02
   4.9000000e+01   1.7454661e+02
   5.0000000e+01   1.7708773e+02
   5.1000000e+01   1.8026271e+02
   5.2000000e+01   1.8440572e+02
   5.3000000e+01   1.8900634e+02
   5.4000000e+01   1.9392605e+02
   5.5000000e+01   1.9902629e+02
   5.6000000e+01   2.0381469e+02
   5.7000000e+01   2.0788282e+02
   5.8000000e+01   2.1109649e+02
   5.9000000e+01   2.1281318e+02
   6.0000000e+01   2.1284367e+02
   6.1000000e+01   2.1110180e+02
   6.2000000e+01   2.0727257e+02
   6.3000000e+01   2.0157209e+02
   6.4000000e+01   1.9424825e+02
   6.5000000e+01   1.8563976e+02
   6.6000000e+01   1.7621654e+02
   6.7000000e+01   1.6686996e+02
   6.8000000e+01   1.5800337e+02
   6.9000000e+01   1.5051620e+02
   7.0000000e+01   1.4503779e+02
   7.1000000e+01   1.4200870e+02
   7.2000000e+01   1.4179505e+02
   7.3000000e+01   1.4470651e+02
   7.4000000e+01   1.5038429e+02
   7.5000000e+01   1.5878236e+02
   7.6000000e+01   1.6923393e+02
   7.7000000e+01   1.8110724e+02
   7.8000000e+01   1.9350772e+02
   7.9000000e+01   2.0567367e+02
   8.0000000e+01   2.1651737e+02
   8.1000000e+01   2.2536823e+02
   8.2000000e+01   2.3146085e+02
   8.3000000e+01   2.3427259e+02
   8.4000000e+01   2.3353441e+02
   8.5000000e+01   2.2933415e+02
   8.6000000e+01   2.2175505e+02
   8.7000000e+01   2.1148038e+02
   8.8000000e+01   1.9917252e+02
   8.9000000e+01   1.8573985e+02
   9.0000000e+01   1.7218924e+02
   9.1000000e+01   1.5964853e+02
   9.2000000e+01   1.4896390e+02
   9.3000000e+01   1.4116944e+02
   9.4000000e+01   1.3688221e+02
   9.5000000e+01   1.3657676e+02
   9.6000000e+01   1.4036561e+02
   9.7000000e+01   1.4826800e+02
   9.8000000e+01   1.5952472e+02
   9.9000000e+01   1.7364796e+02
   1.0000000e+02   1.8939509e+02
   1.0100000e+02   2.0550339e+02
   1.0200000e+02   2.2069085e+02
   1.0300000e+02   2.3349462e+02
   1.0400000e+02   2.4260102e+02
   1.0500000e+02   2.4714130e+02
   1.0600000e+02   2.4636234e+02
   1.0700000e+02   2.4010802e+02
   1.0800000e+02   2.2882069e+02
   1.0900000e+02   2.1320808e+02
   1.1000000e+02   1.9468124e+02
   1.1100000e+02   1.7477417e+02
   1.1200000e+02   1.5533925e+02
   1.1300000e+02   1.3800966e+02
   1.1400000e+02   1.2451695e+02
   1.1500000e+02   1.1590838e+02
   1.1600000e+02   1.1306328e+02
   1.1700000e+02   1.1612432e+02
   1.1800000e+02   1.2482105e+02
   1.1900000e+02   1.3836377e+02
   1.2000000e+02   1.5551010e+02
   1.2100000e+02   1.7485196e+02
   1.2200000e+02   1.9474483e+02
   1.2300000e+02   2.1358531e+02
   1.2400000e+02   2.2997403e+02
   1.2500000e+02   2.4268062e+02
   1.2600000e+02   2.5085522e+02
   1.2700000e+02   2.5414402e+02
   1.2800000e+02   2.5241296e+02
   1.2900000e+02   2.4605557e+02
   1.3000000e+02   2.3581297e+02
   1.3100000e+02   2.2251910e+02
   1.3200000e+02   2.0737054e+02
   1.3300000e+02   1.9149552e+02
   1.3400000e+02   1.7607534e+02
   1.3500000e+02   1.6209498e+02
   1.3600000e+02   1.5059588e+02
   1.3700000e+02   1.4206207e+02
   1.3800000e+02   1.3705373e+02
   1.3900000e+02   1.3571696e+02
   1.4000000e+02   1.3788116e+02
   1.4100000e+02   1.4329503e+02
   1.4200000e+02   1.5140195e+02
   1.4300000e+02   1.6141056e+02
   1.4400000e+02   1.7265841e+02
   1.4500000e+02   1.8420339e+02
   1.4600000e+02   1.9524904e+02
   1.4700000e+02   2.0506151e+02
   1.4800000e+02   2.1307559e+02
   1.4900000e+02   2.1873380e+02
   1.5000000e+02   2.2186366e+02
   1.5100000e+02   2.2234244e+02
   1.5200000e+02   2.2021291e+02
   1.5300000e+02   2.1572016e+02
   1.5400000e+02   2.0928467e+02
   1.5500000e+02   2.0117369e+02
   1.5600000e+02   1.9209212e+02
   1.5700000e+02   1.8247810e+02
   1.5800000e+02   1.7288504e+02
   1.5900000e+02   1.6393610e+02
   1.6000000e+02   1.5616392e+02
   1.6100000e+02   1.4998587e+02
   1.6200000e+02   1.4591656e+02
   1.6300000e+02   1.4428174e+02
   1.6400000e+02   1.4521086e+02
   1.6500000e+02   1.4889927e+02
   1.6600000e+02   1.5527702e+02
   1.6700000e+02   1.6393624e+02
   1.6800000e+02   1.7471197e+02
   1.6900000e+02   1.8685995e+02
   1.7000000e+02   1.9966712e+02
   1.7100000e+02   2.1237246e+02
   1.7200000e+02   2.2408785e+02
   1.7300000e+02   2.3374572e+02
   1.7400000e+02   2.4080679e+02
   1.7500000e+02   2.4434353e+02
   1.7600000e+02   2.4396287e+02
   1.7700000e+02   2.3950826e+02
   1.7800000e+02   2.3106511e+02
   1.7900000e+02   2.1890499e+02
   1.8000000e+02   2.0402517e+02
   1.8100000e+02   1.8724714e+02
   1.8200000e+02   1.6967543e+02
   1.8300000e+02   1.5295598e+02
   1.8400000e+02   1.3801342e+02
   1.8500000e+02   1.2626963e+02
   1.8600000e+02   1.1876547e+02
   1.8700000e+02   1.1610412e+02
   1.8800000e+02   1.1857344e+02
   1.8900000e+02   1.2641785e+02
   1.9000000e+02   1.3871245e+02
   1.9100000e+02   1.5486350e+02
   1.9200000e+02   1.7356338e+02
   1.9300000e+02   1.9324531e+02
   1.9400000e+02   2.1230826e+02
   1.9500000e+02   2.2933209e+02
   1.9600000e+02   2.4258175e+02
   1.9700000e+02   2.5113649e+02
   1.9800000e+02   2.5431700e+02
   1.9900000e+02   2.5164700e+02
   2.0000000e+02   2.4355958e+02
   2.0100000e+02   2.3082896e+02
   2.0200000e+02   2.1431446e+02
   2.0300000e+02   1.9568527e+02
   2.0400000e+02   1.7636192e+02
   2.0500000e+02   1.5793111e+02
   2.0600000e+02   1.4183875e+02
   2.0700000e+02   1.2955113e+02
   2.0800000e+02   1.2168399e+02
   2.0900000e+02   1.1917154e+02
   2.1000000e+02   1.2210242e+02
   2.1100000e+02   1.3025752e+02
   2.1200000e+02   1.4309051e+02
   2.1300000e+02   1.5986626e+02
   2.1400000e+02   1.7897983e+02
   2.1500000e+02   1.9939308e+02
   2.1600000e+02   2.1934785e+02
   2.1700000e+02   2.3717573e+02
   2.1800000e+02   2.5158117e+02
   2.1900000e+02   2.6126040e+02
   2.2000000e+02   2.6510346e+02
   2.2100000e+02   2.6290281e+02
   2.2200000e+02   2.5458642e+02
   2.2300000e+02   2.4051572e+02
   2.2400000e+02   2.2203651e+02
   2.2500000e+02   2.0045643e+02
   2.2600000e+02   1.7742280e+02
   2.2700000e+02   1.5514985e+02
   2.2800000e+02   1.3536057e+02
   2.2900000e+02   1.1957070e+02
   2.3000000e+02   1.0952597e+02
   2.3100000e+02   1.0563883e+02
   2.3200000e+02   1.0823250e+02
   2.3300000e+02   1.1711241e+02
   2.3400000e+02   1.3113789e+02
   2.3500000e+02   1.4887632e+02
   2.3600000e+02   1.6898579e+02
   2.3700000e+02   1.8924744e+02
   2.3800000e+02   2.0813564e+02
   2.3900000e+02   2.2420302e+02
   2.4000000e+02   2.3619237e+02
   2.4100000e+02   2.4332693e+02
   2.4200000e+02   2.4573856e+02
   2.4300000e+02   2.4320450e+02
   2.4400000e+02   2.3661371e+02
   2.4500000e+02   2.2684686e+02
   2.4600000e+02   2.1480395e+02
   2.4700000e+02   2.0170581e+02
   2.4800000e+02   1.8875464e+02
   2.4900000e+02   1.7667326e+02
   2.5000000e+02   1.6641582e+02
   2.5100000e+02   1.5858095e+02
   2.5200000e+02   1.5337462e+02
   2.5300000e+02   1.5091887e+02
   2.5400000e+02   1.5132018e+02
   2.5500000e+02   1.5396181e+02
   2.5600000e+02   1.5869223e+02
   2.5700000e+02   1.6498281e+02
   2.5800000e+02   1.7216236e+02
   2.5900000e+02   1.7975939e+02
   2.6000000e+02   1.8747981e+02
   2.6100000e+02   1.9446136e+02
   2.6200000e+02   2.0077201e+02
   2.6300000e+02   2.0596298e+02
   2.6400000e+02   2.0977268e+02
   2.6500000e+02   2.1222666e+02
   2.6600000e+02   2.1325892e+02
   2.6700000e+02   2.1265167e+02
   2.6800000e+02   2.1062061e+02
   2.6900000e+02   2.0722773e+02
   2.7000000e+02   2.0227343e+02
   2.7100000e+02   1.9625074e+02
   2.7200000e+02   1.8919209e+02
   2.7300000e+02   1.8131561e+02
   2.7400000e+02   1.7315627e+02
   2.7500000e+02   1.6517133e+02
   2.7600000e+02   1.5762900e+02
   2.7700000e+02   1.5147212e+02
   2.7800000e+02   1.4696037e+02
   2.7900000e+02   1.4458466e+02
   2.8000000e+02   1.4488585e+02
   2.8100000e+02   1.4792904e+02
   2.8200000e+02   1.5364582e+02
   2.8300000e+02   1.6203223e+02
   2.8400000e+02   1.7252173e+02
   2.8500000e+02   1.8435965e+02
   2.8600000e+02   1.9704841e+02
   2.8700000e+02   2.0940544e+02
   2.8800000e+02   2.2049608e+02
   2.8900000e+02   2.2966988e+02
   2.9000000e+02   2.3582337e+02
   2.9100000e+02   2.3852833e+02
   2.9200000e+02   2.3752115e+02
   2.9300000e+02   2.3263006e+02
   2.9400000e+02   2.2417463e+02
   2.9500000e+02   2.1287533e+02
   2.9600000e+02   1.9933052e+02
   2.9700000e+02   1.8472162e+02
   2.9800000e+02   1.7016354e+02
   2.9900000e+02   1.5674725e+02
   3.0000000e+02   1.4552907e+02
   3.0100000e+02   1.3758385e+02
   3.0200000e+02   1.3339900e+02
   3.0300000e+02   1.3344231e+02
   3.0400000e+02   1.3786682e+02
   3.0500000e+02   1.4617487e+02
   3.0600000e+02   1.5783814e+02
   3.0700000e+02   1.7193950e+02
   3.0800000e+02   1.8711562e+02
   3.0900000e+02   2.0218681e+02
   3.1000000e+02   2.1574456e+02
   3.1100000e+02   2.2651371e+02
   3.1200000e+02   2.3344748e+02
   3.1300000e+02   2.3602629e+02
   3.1400000e+02   2.3377030e+02
   3.1500000e+02   2.2704589e+02
   3.1600000e+02   2.1647168e+02
   3.1700000e+02   2.0295873e+02
   3.1800000e+02   1.8783689e+02
   3.1900000e+02   1.7258850e+02
   3.2000000e+02   1.5837819e+02
   3.2100000e+02   1.4667258e+02
   3.2200000e+02   1.3840772e+02
   3.2300000e+02   1.3416063e+02
   3.2400000e+02   1.3437570e+02
   3.2500000e+02   1.3893296e+02
   3.2600000e+02   1.4734881e+02
   3.2700000e+02   1.5897253e+02
   3.2800000e+02   1.7281579e+02
   3.2900000e+02   1.8765761e+02
   3.3000000e+02   2.0240451e+02
   3.3100000e+02   2.1589066e+02
   3.3200000e+02   2.2688607e+02
   3.3300000e+02   2.3481901e+02
   3.3400000e+02   2.3884563e+02
   3.3500000e+02   2.3881838e+02
   3.3600000e+02   2.3478996e+02
   3.3700000e+02   2.2711272e+02
   3.3800000e+02   2.1641493e+02
   3.3900000e+02   2.0376831e+02
   3.4000000e+02   1.9005590e+02
   3.4100000e+02   1.7656362e+02
   3.4200000e+02   1.6434123e+02
   3.4300000e+02   1.5439454e+02
   3.4400000e+02   1.4749514e+02
   3.4500000e+02   1.4408156e+02
   3.4600000e+02   1.4440145e+02
   3.4700000e+02   1.4807468e+02
   3.4800000e+02   1.5475457e+02
   3.4900000e+02   1.6342743e+02
   3.5000000e+02   1.7325941e+02
   3.5100000e+02   1.8302351e+02
   3.5200000e+02   1.9187315e+02
   3.5300000e+02   1.9876528e+02
   3.5400000e+02   2.0329152e+02
   3.5500000e+02   2.0508861e+02
   3.5600000e+02   2.0428512e+02
   3.5700000e+02   2.0120633e+02
   3.5800000e+02   1.9656561e+02
   3.5900000e+02   1.9098907e+02
   3.6000000e+02   1.8539088e+02
   3.6100000e+02   1.8044767e+02
   3.6200000e+02   1.7673863e+02
   3.6300000e+02   1.7467609e+02
   3.6400000e+02   1.7444534e+02
   3.6500000e+02   1.7588994e+02
   3.6600000e+02   1.7883687e+02
   3.6700000e+02   1.8273984e+02
   3.6800000e+02   1.8718228e+02
   3.6900000e+02   1.9140339e+02
   3.7000000e+02   1.9510828e+02
   3.7100000e+02   1.9759294e+02
   3.7200000e+02   1.9878608e+02
   3.7300000e+02   1.9842828e+02
   3.7400000e+02   1.9667744e+02
   3.7500000e+02   1.9372951e+02
   3.7600000e+02   1.9008671e+02
   3.7700000e+02   1.8610376e+02
   3.7800000e+02   1.8246423e+02
   3.7900000e+02   1.7956973e+02
   3.8000000e+02   1.7787526e+02
   3.8100000e+02   1.7759740e+02
   3.8200000e+02   1.7887194e+02
   3.8300000e+02   1.8145623e+02
   3.8400000e+02   1.8509956e+02
   3.8500000e+02   1.8931421e+02
   3.8600000e+02   1.9339825e+02
   3.8700000e+02   1.9682779e+02
   3.8800000e+02   1.9899033e+02
   3.8900000e+02   1.9936284e+02
   3.9000000e+02   1.9780500e+02
   3.9100000e+02   1.9426819e+02
   3.9200000e+02   1.8892255e+02
   3.9300000e+02   1.8241411e+02
   3.9400000e+02   1.7528935e+02
   3.9500000e+02   1.6836464e+02
   3.9600000e+02   1.6239629e+02
   3.9700000e+02   1.5820108e+02
   3.9800000e+02   1.5604971e+02
   3.9900000e+02   1.5656552e+02
   4.0000000e+02   1.5952225e+02
   4.0100000e+02   1.6477997e+02
   4.0200000e+02   1.7185112e+02
   4.0300000e+02   1.8012023e+02
   4.0400000e+02   1.8859076e+02
   4.0500000e+02   1.9679819e+02
   4.0600000e+02   2.0371567e+02
   4.0700000e+02   2.0885715e+02
   4.0800000e+02   2.1185311e+02
   4.0900000e+02   2.1250496e+02
   4.1000000e+02   2.1078570e+02
   4.1100000e+02   2.0716685e+02
   4.1200000e+02   2.0198152e+02
   4.1300000e+02   1.9578384e+02
   4.1400000e+02   1.8941883e+02
   4.1500000e+02   1.8337168e+02
   4.1600000e+02   1.7816338e+02
   4.1700000e+02   1.7454871e+02
   4.1800000e+02   1.7244044e+02
   4.1900000e+02   1.7219211e+02
   4.2000000e+02   1.7368330e+02
   4.2100000e+02   1.7662311e+02
   4.2200000e+02   1.8053180e+02
   4.2300000e+02   1.8515245e+02
   4.2400000e+02   1.8958751e+02
   4.2500000e+02   1.9351895e+02
   4.2600000e+02   1.9639531e+02
   4.2700000e+02   1.9780973e+02
   4.2800000e+02   1.9754729e+02
   4.2900000e+02   1.9575623e+02
   4.3000000e+02   1.9240743e+02
   4.3100000e+02   1.8796468e+02
   4.3200000e+02   1.8307376e+02
   4.3300000e+02   1.7798983e+02
   4.3400000e+02   1.7359325e+02
   4.3500000e+02   1.7031297e+02
   4.3600000e+02   1.6846273e+02
   4.3700000e+02   1.6830730e+02
   4.3800000e+02   1.7001351e+02
   4.3900000e+02   1.7306436e+02
   4.4000000e+02   1.7738948e+02
   4.4100000e+02   1.8239987e+02
   4.4200000e+02   1.8739092e+02
   4.4300000e+02   1.9193234e+02
   4.4400000e+02   1.9555340e+02
   4.4500000e+02   1.9757544e+02
   4.4600000e+02   1.9807668e+02
   4.4700000e+02   1.9691919e+02
   4.4800000e+02   1.9404092e+02
   4.4900000e+02   1.9008160e+02
   4.5000000e+02   1.8533187e+02
   4.5100000e+02   1.8023949e+02
   4.5200000e+02   1.7567966e+02
   4.5300000e+02   1.7201362e+02
   4.5400000e+02   1.6974936e+02
   4.5500000e+02   1.6939241e+02
   4.5600000e+02   1.7109901e+02
   4.5700000e+02   1.7469198e+02
   4.5800000e+02   1.8026913e+02
   4.5900000e+02   1.8718834e+02
   4.6000000e+02   1.9481818e+02
   4.6100000e+02   2.0259727e+02
   4.6200000e+02   2.0956733e+02
   4.6300000e+02   2.1480518e+02
   4.6400000e+02   2.1790134e+02
   4.6500000e+02   2.1801567e+02
   4.6600000e+02   2.1491653e+02
   4.6700000e+02   2.0882705e+02
   4.6800000e+02   1.9988423e+02
   4.6900000e+02   1.8879922e+02
   4.7000000e+02   1.7672524e+02
   4.7100000e+02   1.6454984e+02
   4.7200000e+02   1.5352286e+02
   4.7300000e+02   1.4492742e+02
   4.7400000e+02   1.3955441e+02
   4.7500000e+02   1.3800995e+02
   4.7600000e+02   1.4091326e+02
   4.7700000e+02   1.4775697e+02
   4.7800000e+02   1.5822753e+02
   4.7900000e+02   1.7152368e+02
   4.8000000e+02   1.8623824e+02
   4.8100000e+02   2.0114238e+02
   4.8200000e+02   2.1498508e+02
   4.8300000e+02   2.2616336e+02
   4.8400000e+02   2.3379904e+02
   4.8500000e+02   2.3727626e+02
   4.8600000e+02   2.3593114e+02
   4.8700000e+02   2.3014658e+02
   4.8800000e+02   2.2049021e+02
   4.8900000e+02   2.0764027e+02
   4.9000000e+02   1.9301344e+02
   4.9100000e+02   1.7799821e+02
   4.9200000e+02   1.6369772e+02
   4.9300000e+02   1.5168811e+02
   4.9400000e+02   1.4300076e+02
   4.9500000e+02   1.3812940e+02
   4.9600000e+02   1.3785815e+02
   4.9700000e+02   1.4192560e+02
   4.9800000e+02   1.4996673e+02
   4.9900000e+02   1.6127396e+02
   5.0000000e+02   1.7484997e+02
   5.0100000e+02   1.8920794e+02
   5.0200000e+02   2.0329603e+02
   5.0300000e+02   2.1568765e+02
   5.0400000e+02   2.2516906e+02
   5.0500000e+02   2.3109268e+02
   5.0600000e+02   2.3287460e+02
   5.0700000e+02   2.3031598e+02
   5.0800000e+02   2.2390752e+02
   5.0900000e+02   2.1431146e+02
   5.1000000e+02   2.0224307e+02
   5.1100000e+02   1.8924499e+02
   5.1200000e+02   1.7617980e+02
   5.1300000e+02   1.6430598e+02
   5.1400000e+02   1.5460404e+02
   5.1500000e+02   1.4782266e+02
   5.1600000e+02   1.4410438e+02
   5.1700000e+02   1.4391232e+02
   5.1800000e+02   1.4670488e+02
   5.1900000e+02   1.5203327e+02
   5.2000000e+02   1.5942184e+02
   5.2100000e+02   1.6789121e+02
   5.2200000e+02   1.7667798e+02
   5.2300000e+02   1.8529331e+02
   5.2400000e+02   1.9291100e+02
   5.2500000e+02   1.9923029e+02
   5.2600000e+02   2.0414334e+02
   5.2700000e+02   2.0744902e+02
   5.2800000e+02   2.0925812e+02
   5.2900000e+02   2.0993288e+02
   5.3000000e+02   2.0945715e+02
   5.3100000e+02   2.0824464e+02
   5.3200000e+02   2.0647754e+02
   5.3300000e+02   2.0427732e+02
   5.3400000e+02   2.0163269e+02
   5.3500000e+02   1.9889323e+02
   5.3600000e+02   1.9561303e+02
   5.3700000e+02   1.9206693e+02
   5.3800000e+02   1.8819201e+02
   5.3900000e+02   1.8388285e+02
   5.4000000e+02   1.7932618e+02
   5.4100000e+02   1.7478540e+02
   5.4200000e+02   1.7026113e+02
   5.4300000e+02   1.6633819e+02
   5.4400000e+02   1.6328622e+02
   5.4500000e+02   1.6142553e+02
   5.4600000e+02   1.6118254e+02
   5.4700000e+02   1.6285912e+02
   5.4800000e+02   1.6638061e+02
   5.4900000e+02   1.7186644e+02
   5.5000000e+02   1.7901390e+02
   5.5100000e+02   1.8720977e+02
   5.5200000e+02   1.9598862e+02
   5.5300000e+02   2.0445773e+02
   5.5400000e+02   2.1172157e+02
   5.5500000e+02   2.1705924e+02
   5.5600000e+02   2.1975961e+02
   5.5700000e+02   2.1921244e+02
   5.5800000e+02   2.1542347e+02
   5.5900000e+02   2.0833967e+02
   5.6000000e+02   1.9854299e+02
   5.6100000e+02   1.8665255e+02
   5.6200000e+02   1.7384675e+02
   5.6300000e+02   1.6096243e+02
   5.6400000e+02   1.4945375e+02
   5.6500000e+02   1.4018002e+02
   5.6600000e+02   1.3416768e+02
   5.6700000e+02   1.3203783e+02
   5.6800000e+02   1.3422916e+02
   5.6900000e+02   1.4060972e+02
   5.7000000e+02   1.5103191e+02
   5.7100000e+02   1.6468617e+02
   5.7200000e+02   1.8069637e+02
   5.7300000e+02   1.9785822e+02
   5.7400000e+02   2.1488245e+02
   5.7500000e+02   2.3033924e+02
   5.7600000e+02   2.4301459e+02
   5.7700000e+02   2.5177134e+02
   5.7800000e+02   2.5573142e+02
   5.7900000e+02   2.5448407e+02
   5.8000000e+02   2.4803369e+02
   5.8100000e+02   2.3656506e+02
   5.8200000e+02   2.2121570e+02
   5.8300000e+02   2.0279854e+02
   5.8400000e+02   1.8303593e+02
   5.8500000e+02   1.6335785e+02
   5.8600000e+02   1.4547561e+02
   5.8700000e+02   1.3076140e+02
   5.8800000e+02   1.2068039e+02
   5.8900000e+02   1.1591206e+02
   5.9000000e+02   1.1711590e+02
   5.9100000e+02   1.2415611e+02
   5.9200000e+02   1.3652974e+02
   5.9300000e+02   1.5323864e+02
   5.9400000e+02   1.7281862e+02
   5.9500000e+02   1.9359517e+02
   5.9600000e+02   2.1360007e+02
   5.9700000e+02   2.3112238e+02
   5.9800000e+02   2.4433239e+02
   5.9900000e+02   2.5220299e+02
   6.0000000e+02   2.5373888e+02
   6.0100000e+02   2.4908939e+02
   6.0200000e+02   2.3848396e+02
   6.0300000e+02   2.2314641e+02
   6.0400000e+02   2.0450079e+02
   6.0500000e+02   1.8434151e+02
   6.0600000e+02   1.6452481e+02
   6.0700000e+02   1.4692192e+02
   6.0800000e+02   1.3291774e+02
   6.0900000e+02   1.2380439e+02
   6.1000000e+02   1.2020108e+02
   6.1100000e+02   1.2219662e+02
   6.1200000e+02   1.2955590e+02
   6.1300000e+02   1.4143192e+02
   6.1400000e+02   1.5661985e+02
   6.1500000e+02   1.7382701e+02
   6.1600000e+02   1.9145638e+02
   6.1700000e+02   2.0804450e+02
   6.1800000e+02   2.2223963e+02
   6.1900000e+02   2.3310425e+02
   6.2000000e+02   2.3967040e+02
   6.2100000e+02   2.4193471e+02
   6.2200000e+02   2.3975372e+02
   6.2300000e+02   2.3368808e+02
   6.2400000e+02   2.2445791e+02
   6.2500000e+02   2.1308934e+02
   6.2600000e+02   2.0052961e+02
   6.2700000e+02   1.8800878e+02
   6.2800000e+02   1.7637125e+02
   6.2900000e+02   1.6646109e+02
   6.3000000e+02   1.5886884e+02
   6.3100000e+02   1.5389807e+02
   6.3200000e+02   1.5152439e+02
   6.3300000e+02   1.5169257e+02
   6.3400000e+02   1.5397756e+02
   6.3500000e+02   1.5783746e+02
   6.3600000e+02   1.6286850e+02
   6.3700000e+02   1.6844620e+02
   6.3800000e+02   1.7408717e+02
   6.3900000e+02   1.7959466e+02
   6.4000000e+02   1.8459406e+02
   6.4100000e+02   1.8903571e+02
   6.4200000e+02   1.9297488e+02
   6.4300000e+02   1.9641072e+02
   6.4400000e+02   1.9936300e+02
   6.4500000e+02   2.0199982e+02
   6.4600000e+02   2.0420783e+02
   6.4700000e+02   2.0581463e+02
   6.4800000e+02   2.0690450e+02
   6.4900000e+02   2.0697731e+02
   6.5000000e+02   2.0595473e+02
   6.5100000e+02   2.0370405e+02
   6.5200000e+02   1.9998492e+02
   6.5300000e+02   1.9483300e+02
   6.5400000e+02   1.8857484e+02
   6.5500000e+02   1.8129930e+02
   6.5600000e+02   1.7361953e+02
   6.5700000e+02   1.6618161e+02
   6.5800000e+02   1.5949148e+02
   6.5900000e+02   1.5434422e+02
   6.6000000e+02   1.5138558e+02
   6.6100000e+02   1.5099711e+02
   6.6200000e+02   1.5345998e+02
   6.6300000e+02   1.5904477e+02
   6.6400000e+02   1.6717120e+02
   6.6500000e+02   1.7758438e+02
   6.6600000e+02   1.8953701e+02
   6.6700000e+02   2.0179858e+02
   6.6800000e+02   2.1357490e+02
   6.6900000e+02   2.2363929e+02
   6.7000000e+02   2.3084849e+02
   6.7100000e+02   2.3448874e+02
   6.7200000e+02   2.3409226e+02
   6.7300000e+02   2.2916655e+02
   6.7400000e+02   2.2030013e+02
   6.7500000e+02   2.0794038e+02
   6.7600000e+02   1.9303755e+02
   6.7700000e+02   1.7692215e+02
   6.7800000e+02   1.6107966e+02
   6.7900000e+02   1.4662578e+02
   6.8000000e+02   1.3526117e+02
   6.8100000e+02   1.2781755e+02
   6.8200000e+02   1.2497662e+02
   6.8300000e+02   1.2730144e+02
   6.8400000e+02   1.3447464e+02
   6.8500000e+02   1.4597221e+02
   6.8600000e+02   1.6094849e+02
   6.8700000e+02   1.7809208e+02
   6.8800000e+02   1.9585364e+02
   6.8900000e+02   2.1289938e+02
   6.9000000e+02   2.2769432e+02
   6.9100000e+02   2.3883923e+02
   6.9200000e+02   2.4568190e+02
   6.9300000e+02   2.4748652e+02
   6.9400000e+02   2.4412305e+02
   6.9500000e+02   2.3614958e+02
   6.9600000e+02   2.2421965e+02
   6.9700000e+02   2.0924679e+02
   6.9800000e+02   1.9297727e+02
   6.9900000e+02   1.7639488e+02
   7.0000000e+02   1.6110986e+02
   7.0100000e+02   1.4845192e+02
   7.0200000e+02   1.3929751e+02
   7.0300000e+02   1.3434176e+02
   7.0400000e+02   1.3416896e+02
   7.0500000e+02   1.3846426e+02
   7.0600000e+02   1.4685799e+02
   7.0700000e+02   1.5877538e+02
   7.0800000e+02   1.7282956e+02
   7.0900000e+02   1.8786100e+02
   7.1000000e+02   2.0267437e+02
   7.1100000e+02   2.1555110e+02
   7.1200000e+02   2.2551855e+02
   7.1300000e+02   2.3171545e+02
   7.1400000e+02   2.3328661e+02
   7.1500000e+02   2.3035075e+02
   7.1600000e+02   2.2323123e+02
   7.1700000e+02   2.1244971e+02
   7.1800000e+02   1.9929537e+02
   7.1900000e+02   1.8511432e+02
   7.2000000e+02   1.7105261e+02
   7.2100000e+02   1.5871880e+02
   7.2200000e+02   1.4919966e+02
   7.2300000e+02   1.4317519e+02
   7.2400000e+02   1.4119840e+02
   7.2500000e+02   1.4341375e+02
   7.2600000e+02   1.4902471e+02
   7.2700000e+02   1.5773088e+02
   7.2800000e+02   1.6824503e+02
   7.2900000e+02   1.7946565e+02
   7.3000000e+02   1.9028853e+02
   7.3100000e+02   1.9975159e+02
   7.3200000e+02   2.0677876e+02
   7.3300000e+02   2.1117098e+02
   7.3400000e+02   2.1258876e+02
   7.3500000e+02   2.1113359e+02
   7.3600000e+02   2.0739065e+02
   7.3700000e+02   2.0203437e+02
   7.3800000e+02   1.9565285e+02
   7.3900000e+02   1.8939011e+02
   7.4000000e+02   1.8387297e+02
   7.4100000e+02   1.7960527e+02
   7.4200000e+02   1.7726594e+02
   7.4300000e+02   1.7688857e+02
   7.4400000e+02   1.7821075e+02
   7.4500000e+02   1.8131312e+02
   7.4600000e+02   1.8525655e+02
   7.4700000e+02   1.8960299e+02
   7.4800000e+02   1.9363842e+02
   7.4900000e+02   1.9673065e+02
   7.5000000e+02   1.9813361e+02
   7.5100000e+02   1.9795597e+02
   7.5200000e+02   1.9567682e+02
   7.5300000e+02   1.9169750e+02
   7.5400000e+02   1.8650320e+02
   7.5500000e+02   1.8055935e+02
   7.5600000e+02   1.7464720e+02
   7.5700000e+02   1.6967082e+02
   7.5800000e+02   1.6615000e+02
   7.5900000e+02   1.6461732e+02
   7.6000000e+02   1.6561153e+02
   7.6100000e+02   1.6875510e+02
   7.6200000e+02   1.7405154e+02
   7.6300000e+02   1.8081221e+02
   7.6400000e+02   1.8831973e+02
   7.6500000e+02   1.9551755e+02
   7.6600000e+02   2.0185313e+02
   7.6700000e+02   2.0608699e+02
   7.6800000e+02   2.0792502e+02
   7.6900000e+02   2.0704981e+02
   7.7000000e+02   2.0329455e+02
   7.7100000e+02   1.9717272e+02
   7.7200000e+02   1.8938504e+02
   7.7300000e+02   1.8056086e+02
   7.7400000e+02   1.7190178e+02
   7.7500000e+02   1.6433846e+02
   7.7600000e+02   1.5861492e+02
   7.7700000e+02   1.5550982e+02
   7.7800000e+02   1.5544614e+02
   7.7900000e+02   1.5828245e+02
   7.8000000e+02   1.6405004e+02
   7.8100000e+02   1.7202474e+02
   7.8200000e+02   1.8150125e+02
   7.8300000e+02   1.9149901e+02
   7.8400000e+02   2.0122618e+02
   7.8500000e+02   2.0941204e+02
   7.8600000e+02   2.1563735e+02
   7.8700000e+02   2.1903534e+02
   7.8800000e+02   2.1942535e+02
   7.8900000e+02   2.1678762e+02
   7.9000000e+02   2.1148906e+02
   7.9100000e+02   2.0393898e+02
   7.9200000e+02   1.9508936e+02
   7.9300000e+02   1.8574428e+02
   7.9400000e+02   1.7678534e+02
   7.9500000e+02   1.6917630e+02
   7.9600000e+02   1.6359697e+02
   7.9700000e+02   1.6041856e+02
   7.9800000e+02   1.6004635e+02
   7.9900000e+02   1.6229368e+02
   8.0000000e+02   1.6676530e+02
   8.0100000e+02   1.7304822e+02
   8.0200000e+02   1.8020215e+02
   8.0300000e+02   1.8740854e+02
   8.0400000e+02   1.9391920e+02
   8.0500000e+02   1.9886167e+02
   8.0600000e+02   2.0174334e+02
   8.0700000e+02   2.0231667e+02
   8.0800000e+02   2.0049282e+02
   8.0900000e+02   1.9659952e+02
   8.1000000e+02   1.9118484e+02
   8.1100000e+02   1.8496950e+02
   8.1200000e+02   1.7861820e+02
   8.1300000e+02   1.7317308e+02
   8.1400000e+02   1.6905485e+02
   8.1500000e+02   1.6699352e+02
   8.1600000e+02   1.6716588e+02
   8.1700000e+02   1.6965394e+02
   8.1800000e+02   1.7416853e+02
   8.1900000e+02   1.8035690e+02
   8.2000000e+02   1.8740573e+02
   8.2100000e+02   1.9469895e+02
   8.2200000e+02   2.0131893e+02
   8.2300000e+02   2.0655747e+02
   8.2400000e+02   2.0973537e+02
   8.2500000e+02   2.1044597e+02
   8.2600000e+02   2.0851173e+02
   8.2700000e+02   2.0394532e+02
   8.2800000e+02   1.9721754e+02
   8.2900000e+02   1.8887869e+02
   8.3000000e+02   1.7973467e+02
   8.3100000e+02   1.7080826e+02
   8.3200000e+02   1.6292974e+02
   8.3300000e+02   1.5711506e+02
   8.3400000e+02   1.5397251e+02
   8.3500000e+02   1.5412966e+02
   8.3600000e+02   1.5753895e+02
   8.3700000e+02   1.6424712e+02
   8.3800000e+02   1.7352185e+02
   8.3900000e+02   1.8463080e+02
   8.4000000e+02   1.9643893e+02
   8.4100000e+02   2.0776167e+02
   8.4200000e+02   2.1725645e+02
   8.4300000e+02   2.2396798e+02
   8.4400000e+02   2.2687881e+02
   8.4500000e+02   2.2558543e+02
   8.4600000e+02   2.2002151e+02
   8.4700000e+02   2.1051580e+02
   8.4800000e+02   1.9801030e+02
   8.4900000e+02   1.8352222e+02
   8.5000000e+02   1.6865142e+02
   8.5100000e+02   1.5468876e+02
   8.5200000e+02   1.4320373e+02
   8.5300000e+02   1.3536347e+02
   8.5400000e+02   1.3200035e+02
   8.5500000e+02   1.3364546e+02
   8.5600000e+02   1.4029451e+02
   8.5700000e+02   1.5135945e+02
   8.5800000e+02   1.6601710e+02
   8.5900000e+02   1.8296619e+02
   8.6000000e+02   2.0056691e+02
   8.6100000e+02   2.1737454e+02
   8.6200000e+02   2.3164228e+02
   8.6300000e+02   2.4207388e+02
   8.6400000e+02   2.4769952e+02
   8.6500000e+02   2.4795566e+02
   8.6600000e+02   2.4272749e+02
   8.6700000e+02   2.3264607e+02
   8.6800000e+02   2.1857024e+02
   8.6900000e+02   2.0175068e+02
   8.7000000e+02   1.8396895e+02
   8.7100000e+02   1.6659223e+02
   8.7200000e+02   1.5133077e+02
   8.7300000e+02   1.3951177e+02
   8.7400000e+02   1.3205603e+02
   8.7500000e+02   1.2957918e+02
   8.7600000e+02   1.3226497e+02
   8.7700000e+02   1.3963083e+02
   8.7800000e+02   1.5092046e+02
   8.7900000e+02   1.6505758e+02
   8.8000000e+02   1.8051793e+02
   8.8100000e+02   1.9584585e+02
   8.8200000e+02   2.0962751e+02
   8.8300000e+02   2.2045724e+02
   8.8400000e+02   2.2743414e+02
   8.8500000e+02   2.3012472e+02
   8.8600000e+02   2.2830437e+02
   8.8700000e+02   2.2242376e+02
   8.8800000e+02   2.1339149e+02
   8.8900000e+02   2.0203574e+02
   8.9000000e+02   1.8982321e+02
   8.9100000e+02   1.7788485e+02
   8.9200000e+02   1.6735704e+02
   8.9300000e+02   1.5901632e+02
   8.9400000e+02   1.5367835e+02
   8.9500000e+02   1.5123197e+02
   8.9600000e+02   1.5182056e+02
   8.9700000e+02   1.5503747e+02
   8.9800000e+02   1.6013726e+02
   8.9900000e+02   1.6655541e+02
   9.0000000e+02   1.7361928e+02
   9.0100000e+02   1.8045766e+02
   9.0200000e+02   1.8674494e+02
   9.0300000e+02   1.9211234e+02
   9.0400000e+02   1.9616376e+02
   9.0500000e+02   1.9918479e+02
   9.0600000e+02   2.0123465e+02
   9.0700000e+02   2.0239220e+02
   9.0800000e+02   2.0316846e+02
   9.0900000e+02   2.0371051e+02
   9.1000000e+02   2.0414653e+02
   9.1100000e+02   2.0464944e+02
   9.1200000e+02   2.0525080e+02
   9.1300000e+02   2.0546568e+02
   9.1400000e+02   2.0548570e+02
   9.1500000e+02   2.0463626e+02
   9.1600000e+02   2.0269899e+02
   9.1700000e+02   1.9947854e+02
   9.1800000e+02   1.9477644e+02
   9.1900000e+02   1.8846672e+02
   9.2000000e+02   1.8104092e+02
   9.2100000e+02   1.7275004e+02
   9.2200000e+02   1.6412276e+02
   9.2300000e+02   1.5622271e+02
   9.2400000e+02   1.4957360e+02
   9.2500000e+02   1.4507675e+02
   9.2600000e+02   1.4352085e+02
   9.2700000e+02   1.4529827e+02
   9.2800000e+02   1.5040278e+02
   9.2900000e+02   1.5915049e+02
   9.3000000e+02   1.7049007e+02
   9.3100000e+02   1.8390502e+02
   9.3200000e+02   1.9826023e+02
   9.3300000e+02   2.1212159e+02
   9.3400000e+02   2.2423049e+02
   9.3500000e+02   2.3349953e+02
   9.3600000e+02   2.3865550e+02
   9.3700000e+02   2.3915973e+02
   9.3800000e+02   2.3484468e+02
   9.3900000e+02   2.2571101e+02
   9.4000000e+02   2.1250404e+02
   9.4100000e+02   1.9642832e+02
   9.4200000e+02   1.7855266e+02
   9.4300000e+02   1.6064171e+02
   9.4400000e+02   1.4427021e+02
   9.4500000e+02   1.3083934e+02
   9.4600000e+02   1.2163533e+02
   9.4700000e+02   1.1783594e+02
   9.4800000e+02   1.1956700e+02
   9.4900000e+02   1.2725441e+02
   9.5000000e+02   1.4032078e+02
   9.5100000e+02   1.5788437e+02
   9.5200000e+02   1.7859314e+02
   9.5300000e+02   2.0106263e+02
   9.5400000e+02   2.2305407e+02
   9.5500000e+02   2.4300436e+02
   9.5600000e+02   2.5911456e+02
   9.5700000e+02   2.6958272e+02
   9.5800000e+02   2.7361392e+02
   9.5900000e+02   2.7065973e+02
   9.6000000e+02   2.6047630e+02
   9.6100000e+02   2.4416410e+02
   9.6200000e+02   2.2281389e+02
   9.6300000e+02   1.9802923e+02
   9.6400000e+02   1.7216992e+02
   9.6500000e+02   1.4727843e+02
   9.6600000e+02   1.2539862e+02
   9.6700000e+02   1.0869400e+02
   9.6800000e+02   9.8495300e+01
   9.6900000e+02   9.5606700e+01
   9.7000000e+02   1.0063273e+02
   9.7100000e+02   1.1297583e+02
   9.7200000e+02   1.3149318e+02
   9.7300000e+02   1.5482379e+02
   9.7400000e+02   1.8063616e+02
   9.7500000e+02   2.0649794e+02
   9.7600000e+02   2.3042849e+02
   9.7700000e+02   2.4975228e+02
   9.7800000e+02   2.6303348e+02
   9.7900000e+02   2.6906777e+02
   9.8000000e+02   2.6746668e+02
   9.8100000e+02   2.5846429e+02
   9.8200000e+02   2.4345062e+02
   9.8300000e+02   2.2364965e+02
   9.8400000e+02   2.0128792e+02
   9.8500000e+02   1.7843958e+02
   9.8600000e+02   1.5716802e+02
   9.8700000e+02   1.3916508e+02
   9.8800000e+02   1.2608534e+02
   9.8900000e+02   1.1857616e+02
   9.9000000e+02   1.1709294e+02
   9.9100000e+02   1.2161751e+02
   9.9200000e+02   1.3126814e+02
   9.9300000e+02   1.4507932e+02
   9.9400000e+02   1.6178531e+02
   9.9500000e+02   1.7964592e+02
   9.9600000e+02   1.9723802e+02
   9.9700000e+02   2.1312070e+02
   9.9800000e+02   2.2601053e+02
   9.9900000e+02   2.3487646e+02
   1.0000000e+03   2.3962171e+02
