   0.0000000e+00   1.6702362e-02
   1.0000000e+00   1.7161387e-02
   2.0000000e+00   1.7496825e-02
   3.0000000e+00   1.7845751e-02
   4.0000000e+00   1.8210910e-02
   5.0000000e+00   1.8453496e-02
   6.0000000e+00   1.8748384e-02
   7.0000000e+00   1.8937375e-02
   8.0000000e+00   1.9180072e-02
   9.0000000e+00   1.9325481e-02
   1.0000000e+01   1.9424609e-02
   1.1000000e+01   1.9597375e-02
   1.2000000e+01   1.9612759e-02
   1.3000000e+01   1.9650556e-02
   1.4000000e+01   1.9679060e-02
   1.5000000e+01   1.9634874e-02
   1.6000000e+01   1.9560178e-02
   1.7000000e+01   1.9486960e-02
   1.8000000e+01   1.9347076e-02
   1.9000000e+01   1.9223081e-02
   2.0000000e+01   1.9002672e-02
   2.1000000e+01   1.8835429e-02
   2.2000000e+01   1.8617400e-02
   2.3000000e+01   1.8340596e-02
   2.4000000e+01   1.8094553e-02
   2.5000000e+01   1.7868137e-02
   2.6000000e+01   1.7506784e-02
   2.7000000e+01   1.7278966e-02
   2.8000000e+01   1.6966848e-02
   2.9000000e+01   1.6651844e-02
   3.0000000e+01   1.6365519e-02
   3.1000000e+01   1.6045470e-02
   3.2000000e+01   1.5778465e-02
   3.3000000e+01   1.5449544e-02
   3.4000000e+01   1.5174988e-02
   3.5000000e+01   1.4942320e-02
   3.6000000e+01   1.4651693e-02
   3.7000000e+01   1.4424067e-02
   3.8000000e+01   1.4270643e-02
   3.9000000e+01   1.4039360e-02
   4.0000000e+01   1.3929313e-02
   4.1000000e+01   1.3824072e-02
   4.2000000e+01   1.3735199e-02
   4.3000000e+01   1.3719402e-02
   4.4000000e+01   1.3705718e-02
   4.5000000e+01   1.3792707e-02
   4.6000000e+01   1.3842680e-02
   4.7000000e+01   1.3986769e-02
   4.8000000e+01   1.4181774e-02
   4.9000000e+01   1.4385430e-02
   5.0000000e+01   1.4600152e-02
   5.1000000e+01   1.4958115e-02
   5.2000000e+01   1.5216829e-02
   5.3000000e+01   1.5571280e-02
   5.4000000e+01   1.5961418e-02
   5.5000000e+01   1.6330354e-02
   5.6000000e+01   1.6739393e-02
   5.7000000e+01   1.7156012e-02
   5.8000000e+01   1.7605485e-02
   5.9000000e+01   1.8043798e-02
   6.0000000e+01   1.8469166e-02
   6.1000000e+01   1.8982504e-02
   6.2000000e+01   1.9416670e-02
   6.3000000e+01   1.9863412e-02
   6.4000000e+01   2.0388612e-02
   6.5000000e+01   2.0822264e-02
   6.6000000e+01   2.1311148e-02
   6.7000000e+01   2.1793163e-02
   6.8000000e+01   2.2293795e-02
   6.9000000e+01   2.2776842e-02
   7.0000000e+01   2.3279561e-02
   7.1000000e+01   2.3790190e-02
   7.2000000e+01   2.4345092e-02
   7.3000000e+01   2.4807927e-02
   7.4000000e+01   2.5408053e-02
   7.5000000e+01   2.5951714e-02
   7.6000000e+01   2.6470043e-02
   7.7000000e+01   2.7078350e-02
   7.8000000e+01   2.7646034e-02
   7.9000000e+01   2.8209498e-02
   8.0000000e+01   2.8804681e-02
   8.1000000e+01   2.9404091e-02
   8.2000000e+01   2.9986678e-02
   8.3000000e+01   3.0581066e-02
   8.4000000e+01   3.1158241e-02
   8.5000000e+01   3.1799946e-02
   8.6000000e+01   3.2346703e-02
   8.7000000e+01   3.2937886e-02
   8.8000000e+01   3.3597517e-02
   8.9000000e+01   3.4106310e-02
   9.0000000e+01   3.4743443e-02
   9.1000000e+01   3.5319633e-02
   9.2000000e+01   3.5875442e-02
   9.3000000e+01   3.6447810e-02
   9.4000000e+01   3.6997550e-02
   9.5000000e+01   3.7539462e-02
   9.6000000e+01   3.8087128e-02
   9.7000000e+01   3.8553108e-02
   9.8000000e+01   3.9142510e-02
   9.9000000e+01   3.9584641e-02
   1.0000000e+02   4.0060003e-02
   1.0100000e+02   4.0562613e-02
   1.0200000e+02   4.0964793e-02
   1.0300000e+02   4.1377601e-02
   1.0400000e+02   4.1768831e-02
   1.0500000e+02   4.2122706e-02
   1.0600000e+02   4.2451985e-02
   1.0700000e+02   4.2722641e-02
   1.0800000e+02   4.3030852e-02
   1.0900000e+02   4.3249417e-02
   1.1000000e+02   4.3415780e-02
   1.1100000e+02   4.3647032e-02
   1.1200000e+02   4.3728935e-02
   1.1300000e+02   4.3839095e-02
   1.1400000e+02   4.3884326e-02
   1.1500000e+02   4.3920829e-02
   1.1600000e+02   4.3877142e-02
   1.1700000e+02   4.3813034e-02
   1.1800000e+02   4.3721711e-02
   1.1900000e+02   4.3578478e-02
   1.2000000e+02   4.3371131e-02
   1.2100000e+02   4.3149027e-02
   1.2200000e+02   4.2918967e-02
   1.2300000e+02   4.2546515e-02
   1.2400000e+02   4.2242728e-02
   1.2500000e+02   4.1862306e-02
   1.2600000e+02   4.1409884e-02
   1.2700000e+02   4.0985790e-02
   1.2800000e+02   4.0489424e-02
   1.2900000e+02   3.9999435e-02
   1.3000000e+02   3.9445621e-02
   1.3100000e+02   3.8882427e-02
   1.3200000e+02   3.8348147e-02
   1.3300000e+02   3.7716813e-02
   1.3400000e+02   3.7081812e-02
   1.3500000e+02   3.6556981e-02
   1.3600000e+02   3.5826359e-02
   1.3700000e+02   3.5247413e-02
   1.3800000e+02   3.4617512e-02
   1.3900000e+02   3.3970870e-02
   1.4000000e+02   3.3369076e-02
   1.4100000e+02   3.2735498e-02
   1.4200000e+02   3.2159207e-02
   1.4300000e+02   3.1581920e-02
   1.4400000e+02   3.0975958e-02
   1.4500000e+02   3.0524166e-02
   1.4600000e+02   2.9974362e-02
   1.4700000e+02   2.9516341e-02
   1.4800000e+02   2.9143344e-02
   1.4900000e+02   2.8757480e-02
   1.5000000e+02   2.8439329e-02
   1.5100000e+02   2.8196236e-02
   1.5200000e+02   2.8004129e-02
   1.5300000e+02   2.7846566e-02
   1.5400000e+02   2.7778893e-02
   1.5500000e+02   2.7760891e-02
   1.5600000e+02   2.7830386e-02
   1.5700000e+02   2.7889416e-02
   1.5800000e+02   2.8108905e-02
   1.5900000e+02   2.8325549e-02
   1.6000000e+02   2.8569689e-02
   1.6100000e+02   2.8934172e-02
   1.6200000e+02   2.9296060e-02
   1.6300000e+02   2.9677281e-02
   1.6400000e+02   3.0136157e-02
   1.6500000e+02   3.0607484e-02
   1.6600000e+02   3.1075672e-02
   1.6700000e+02   3.1602710e-02
   1.6800000e+02   3.2104969e-02
   1.6900000e+02   3.2684934e-02
   1.7000000e+02   3.3173578e-02
   1.7100000e+02   3.3760637e-02
   1.7200000e+02   3.4328701e-02
   1.7300000e+02   3.4840804e-02
   1.7400000e+02   3.5431809e-02
   1.7500000e+02   3.5986754e-02
   1.7600000e+02   3.6526333e-02
   1.7700000e+02   3.7078874e-02
   1.7800000e+02   3.7635435e-02
   1.7900000e+02   3.8174271e-02
   1.8000000e+02   3.8702163e-02
   1.8100000e+02   3.9217337e-02
   1.8200000e+02   3.9795239e-02
   1.8300000e+02   4.0246413e-02
   1.8400000e+02   4.0778872e-02
   1.8500000e+02   4.1315944e-02
   1.8600000e+02   4.1764998e-02
   1.8700000e+02   4.2243875e-02
   1.8800000e+02   4.2758772e-02
   1.8900000e+02   4.3148186e-02
   1.9000000e+02   4.3632398e-02
   1.9100000e+02   4.4007353e-02
   1.9200000e+02   4.4446116e-02
   1.9300000e+02   4.4820200e-02
   1.9400000e+02   4.5159156e-02
   1.9500000e+02   4.5585510e-02
   1.9600000e+02   4.5892941e-02
   1.9700000e+02   4.6213732e-02
   1.9800000e+02   4.6591977e-02
   1.9900000e+02   4.6876725e-02
   2.0000000e+02   4.7169808e-02
   2.0100000e+02   4.7493340e-02
   2.0200000e+02   4.7750084e-02
   2.0300000e+02   4.8042170e-02
   2.0400000e+02   4.8262141e-02
   2.0500000e+02   4.8528275e-02
   2.0600000e+02   4.8776045e-02
   2.0700000e+02   4.8919980e-02
   2.0800000e+02   4.9181111e-02
   2.0900000e+02   4.9333162e-02
   2.1000000e+02   4.9474706e-02
   2.1100000e+02   4.9617255e-02
   2.1200000e+02   4.9754388e-02
   2.1300000e+02   4.9807696e-02
   2.1400000e+02   4.9887705e-02
   2.1500000e+02   4.9927230e-02
   2.1600000e+02   4.9952015e-02
   2.1700000e+02   4.9919567e-02
   2.1800000e+02   4.9888617e-02
   2.1900000e+02   4.9863916e-02
   2.2000000e+02   4.9721065e-02
   2.2100000e+02   4.9621602e-02
   2.2200000e+02   4.9488152e-02
   2.2300000e+02   4.9274930e-02
   2.2400000e+02   4.9067349e-02
   2.2500000e+02   4.8819096e-02
   2.2600000e+02   4.8525195e-02
   2.2700000e+02   4.8213145e-02
   2.2800000e+02   4.7795274e-02
   2.2900000e+02   4.7475590e-02
   2.3000000e+02   4.6953983e-02
   2.3100000e+02   4.6480614e-02
   2.3200000e+02   4.5995575e-02
   2.3300000e+02   4.5385192e-02
   2.3400000e+02   4.4790104e-02
   2.3500000e+02   4.4183239e-02
   2.3600000e+02   4.3484038e-02
   2.3700000e+02   4.2807991e-02
   2.3800000e+02   4.2048672e-02
   2.3900000e+02   4.1313666e-02
   2.4000000e+02   4.0533949e-02
   2.4100000e+02   3.9653579e-02
   2.4200000e+02   3.8893707e-02
   2.4300000e+02   3.7982199e-02
   2.4400000e+02   3.7085433e-02
   2.4500000e+02   3.6229678e-02
   2.4600000e+02   3.5276504e-02
   2.4700000e+02   3.4357532e-02
   2.4800000e+02   3.3411591e-02
   2.4900000e+02   3.2473547e-02
   2.5000000e+02   3.1516493e-02
   2.5100000e+02   3.0559355e-02
   2.5200000e+02   2.9607212e-02
   2.5300000e+02   2.8717007e-02
   2.5400000e+02   2.7734528e-02
   2.5500000e+02   2.6894543e-02
   2.5600000e+02   2.6038226e-02
   2.5700000e+02   2.5186218e-02
   2.5800000e+02   2.4437149e-02
   2.5900000e+02   2.3734184e-02
   2.6000000e+02   2.3043798e-02
   2.6100000e+02   2.2467103e-02
   2.6200000e+02   2.1945771e-02
   2.6300000e+02   2.1501183e-02
   2.6400000e+02   2.1131939e-02
   2.6500000e+02   2.0850612e-02
   2.6600000e+02   2.0702947e-02
   2.6700000e+02   2.0563047e-02
   2.6800000e+02   2.0562098e-02
   2.6900000e+02   2.0688708e-02
   2.7000000e+02   2.0797510e-02
   2.7100000e+02   2.1050061e-02
   2.7200000e+02   2.1398039e-02
   2.7300000e+02   2.1711794e-02
   2.7400000e+02   2.2183992e-02
   2.7500000e+02   2.2617042e-02
   2.7600000e+02   2.3163111e-02
   2.7700000e+02   2.3666144e-02
   2.7800000e+02   2.4233987e-02
   2.7900000e+02   2.4845374e-02
   2.8000000e+02   2.5407036e-02
   2.8100000e+02   2.6003379e-02
   2.8200000e+02   2.6657934e-02
   2.8300000e+02   2.7233406e-02
   2.8400000e+02   2.7833596e-02
   2.8500000e+02   2.8475963e-02
   2.8600000e+02   2.9042775e-02
   2.8700000e+02   2.9637108e-02
   2.8800000e+02   3.0190639e-02
   2.8900000e+02   3.0771028e-02
   2.9000000e+02   3.1280075e-02
   2.9100000e+02   3.1774577e-02
   2.9200000e+02   3.2300387e-02
   2.9300000e+02   3.2730596e-02
   2.9400000e+02   3.3150376e-02
   2.9500000e+02   3.3582548e-02
   2.9600000e+02   3.3956586e-02
   2.9700000e+02   3.4269035e-02
   2.9800000e+02   3.4644680e-02
   2.9900000e+02   3.4891185e-02
   3.0000000e+02   3.5193407e-02
   3.0100000e+02   3.5395332e-02
   3.0200000e+02   3.5619831e-02
   3.0300000e+02   3.5828228e-02
   3.0400000e+02   3.5931270e-02
   3.0500000e+02   3.6089443e-02
   3.0600000e+02   3.6233435e-02
   3.0700000e+02   3.6240553e-02
   3.0800000e+02   3.6378280e-02
   3.0900000e+02   3.6400176e-02
   3.1000000e+02   3.6418059e-02
   3.1100000e+02   3.6438534e-02
   3.1200000e+02   3.6409858e-02
   3.1300000e+02   3.6408807e-02
   3.1400000e+02   3.6317651e-02
   3.1500000e+02   3.6257320e-02
   3.1600000e+02   3.6191445e-02
   3.1700000e+02   3.6043093e-02
   3.1800000e+02   3.5905483e-02
   3.1900000e+02   3.5805848e-02
   3.2000000e+02   3.5578629e-02
   3.2100000e+02   3.5415228e-02
   3.2200000e+02   3.5202484e-02
   3.2300000e+02   3.4979066e-02
   3.2400000e+02   3.4732910e-02
   3.2500000e+02   3.4447426e-02
   3.2600000e+02   3.4212274e-02
   3.2700000e+02   3.3867444e-02
   3.2800000e+02   3.3554343e-02
   3.2900000e+02   3.3241478e-02
   3.3000000e+02   3.2868330e-02
   3.3100000e+02   3.2477305e-02
   3.3200000e+02   3.2109376e-02
   3.3300000e+02   3.1691445e-02
   3.3400000e+02   3.1251211e-02
   3.3500000e+02   3.0794663e-02
   3.3600000e+02   3.0333239e-02
   3.3700000e+02   2.9857916e-02
   3.3800000e+02   2.9269746e-02
   3.3900000e+02   2.8811106e-02
   3.4000000e+02   2.8214621e-02
   3.4100000e+02   2.7605793e-02
   3.4200000e+02   2.7038860e-02
   3.4300000e+02   2.6397313e-02
   3.4400000e+02   2.5727269e-02
   3.4500000e+02   2.5085845e-02
   3.4600000e+02   2.4359121e-02
   3.4700000e+02   2.3692400e-02
   3.4800000e+02   2.2905546e-02
   3.4900000e+02   2.2181769e-02
   3.5000000e+02   2.1445354e-02
   3.5100000e+02   2.0597661e-02
   3.5200000e+02   1.9833917e-02
   3.5300000e+02   1.9023417e-02
   3.5400000e+02   1.8161341e-02
   3.5500000e+02   1.7326849e-02
   3.5600000e+02   1.6469374e-02
   3.5700000e+02   1.5601475e-02
   3.5800000e+02   1.4723347e-02
   3.5900000e+02   1.3802135e-02
   3.6000000e+02   1.2987222e-02
   3.6100000e+02   1.2031252e-02
   3.6200000e+02   1.1160405e-02
   3.6300000e+02   1.0315074e-02
   3.6400000e+02   9.4212759e-03
   3.6500000e+02   8.6067796e-03
   3.6600000e+02   7.7664096e-03
   3.6700000e+02   7.0471183e-03
   3.6800000e+02   6.2895737e-03
   3.6900000e+02   5.6041400e-03
   3.7000000e+02   5.1001214e-03
   3.7100000e+02   4.5915177e-03
   3.7200000e+02   4.2977045e-03
   3.7300000e+02   4.1550483e-03
   3.7400000e+02   4.2194290e-03
   3.7500000e+02   4.4800947e-03
   3.7600000e+02   4.8161166e-03
   3.7700000e+02   5.3342854e-03
   3.7800000e+02   5.9037147e-03
   3.7900000e+02   6.4938228e-03
   3.8000000e+02   7.1236780e-03
   3.8100000e+02   7.7657443e-03
   3.8200000e+02   8.4249456e-03
   3.8300000e+02   9.0488236e-03
   3.8400000e+02   9.6302651e-03
   3.8500000e+02   1.0319401e-02
   3.8600000e+02   1.0824541e-02
   3.8700000e+02   1.1403252e-02
   3.8800000e+02   1.1948067e-02
   3.8900000e+02   1.2414306e-02
   3.9000000e+02   1.2892965e-02
   3.9100000e+02   1.3299307e-02
   3.9200000e+02   1.3717257e-02
   3.9300000e+02   1.4090285e-02
   3.9400000e+02   1.4383292e-02
   3.9500000e+02   1.4745983e-02
   3.9600000e+02   1.5013014e-02
   3.9700000e+02   1.5211011e-02
   3.9800000e+02   1.5497954e-02
   3.9900000e+02   1.5633083e-02
   4.0000000e+02   1.5810216e-02
   4.0100000e+02   1.5906087e-02
   4.0200000e+02   1.6002506e-02
   4.0300000e+02   1.6067452e-02
   4.0400000e+02   1.6039723e-02
   4.0500000e+02   1.6059232e-02
   4.0600000e+02   1.6006866e-02
   4.0700000e+02   1.5899447e-02
   4.0800000e+02   1.5794931e-02
   4.0900000e+02   1.5663976e-02
   4.1000000e+02   1.5479813e-02
   4.1100000e+02   1.5278984e-02
   4.1200000e+02   1.5056121e-02
   4.1300000e+02   1.4836217e-02
   4.1400000e+02   1.4536698e-02
   4.1500000e+02   1.4242496e-02
   4.1600000e+02   1.4000429e-02
   4.1700000e+02   1.3589827e-02
   4.1800000e+02   1.3294687e-02
   4.1900000e+02   1.2936984e-02
   4.2000000e+02   1.2556731e-02
   4.2100000e+02   1.2165273e-02
   4.2200000e+02   1.1771470e-02
   4.2300000e+02   1.1374300e-02
   4.2400000e+02   1.0964036e-02
   4.2500000e+02   1.0514097e-02
   4.2600000e+02   1.0138968e-02
   4.2700000e+02   9.7074604e-03
   4.2800000e+02   9.2667024e-03
   4.2900000e+02   8.9102309e-03
   4.3000000e+02   8.5109887e-03
   4.3100000e+02   8.1541329e-03
   4.3200000e+02   7.8051968e-03
   4.3300000e+02   7.5452031e-03
   4.3400000e+02   7.2770826e-03
   4.3500000e+02   7.0522205e-03
   4.3600000e+02   6.9102005e-03
   4.3700000e+02   6.8461274e-03
   4.3800000e+02   6.7796315e-03
   4.3900000e+02   6.8493029e-03
   4.4000000e+02   6.9683590e-03
   4.4100000e+02   7.1703659e-03
   4.4200000e+02   7.4133173e-03
   4.4300000e+02   7.7111428e-03
   4.4400000e+02   8.1550249e-03
   4.4500000e+02   8.5119945e-03
   4.4600000e+02   9.0006001e-03
   4.4700000e+02   9.5393947e-03
   4.4800000e+02   1.0049026e-02
   4.4900000e+02   1.0645734e-02
   4.5000000e+02   1.1225106e-02
   4.5100000e+02   1.1890684e-02
   4.5200000e+02   1.2507319e-02
   4.5300000e+02   1.3161254e-02
   4.5400000e+02   1.3872341e-02
   4.5500000e+02   1.4539306e-02
   4.5600000e+02   1.5228934e-02
   4.5700000e+02   1.5946655e-02
   4.5800000e+02   1.6674097e-02
   4.5900000e+02   1.7374646e-02
   4.6000000e+02   1.8110167e-02
   4.6100000e+02   1.8841663e-02
   4.6200000e+02   1.9610276e-02
   4.6300000e+02   2.0274850e-02
   4.6400000e+02   2.1074522e-02
   4.6500000e+02   2.1796239e-02
   4.6600000e+02   2.2478068e-02
   4.6700000e+02   2.3234992e-02
   4.6800000e+02   2.3937849e-02
   4.6900000e+02   2.4605640e-02
   4.7000000e+02   2.5312583e-02
   4.7100000e+02   2.5949219e-02
   4.7200000e+02   2.6655279e-02
   4.7300000e+02   2.7245503e-02
   4.7400000e+02   2.7876510e-02
   4.7500000e+02   2.8549896e-02
   4.7600000e+02   2.9054264e-02
   4.7700000e+02   2.9680399e-02
   4.7800000e+02   3.0216440e-02
   4.7900000e+02   3.0718142e-02
   4.8000000e+02   3.1214749e-02
   4.8100000e+02   3.1671869e-02
   4.8200000e+02   3.2125821e-02
   4.8300000e+02   3.2521597e-02
   4.8400000e+02   3.2865521e-02
   4.8500000e+02   3.3286021e-02
   4.8600000e+02   3.3548294e-02
   4.8700000e+02   3.3826804e-02
   4.8800000e+02   3.4107694e-02
   4.8900000e+02   3.4272634e-02
   4.9000000e+02   3.4463250e-02
   4.9100000e+02   3.4553934e-02
   4.9200000e+02   3.4678778e-02
   4.9300000e+02   3.4693648e-02
   4.9400000e+02   3.4668641e-02
   4.9500000e+02   3.4685018e-02
   4.9600000e+02   3.4556118e-02
   4.9700000e+02   3.4434506e-02
   4.9800000e+02   3.4277427e-02
   4.9900000e+02   3.4076683e-02
   5.0000000e+02   3.3783005e-02
   5.0100000e+02   3.3525305e-02
   5.0200000e+02   3.3169586e-02
   5.0300000e+02   3.2811716e-02
   5.0400000e+02   3.2366366e-02
   5.0500000e+02   3.1925597e-02
   5.0600000e+02   3.1453559e-02
   5.0700000e+02   3.0877772e-02
   5.0800000e+02   3.0315368e-02
   5.0900000e+02   2.9746726e-02
   5.1000000e+02   2.9028413e-02
   5.1100000e+02   2.8396103e-02
   5.1200000e+02   2.7681830e-02
   5.1300000e+02   2.6921290e-02
   5.1400000e+02   2.6187585e-02
   5.1500000e+02   2.5355352e-02
   5.1600000e+02   2.4603072e-02
   5.1700000e+02   2.3718686e-02
   5.1800000e+02   2.2876045e-02
   5.1900000e+02   2.2066638e-02
   5.2000000e+02   2.1152551e-02
   5.2100000e+02   2.0281911e-02
   5.2200000e+02   1.9484784e-02
   5.2300000e+02   1.8569715e-02
   5.2400000e+02   1.7773089e-02
   5.2500000e+02   1.6948472e-02
   5.2600000e+02   1.6169659e-02
   5.2700000e+02   1.5427302e-02
   5.2800000e+02   1.4702886e-02
   5.2900000e+02   1.4099792e-02
   5.3000000e+02   1.3491120e-02
   5.3100000e+02   1.3001006e-02
   5.3200000e+02   1.2629129e-02
   5.3300000e+02   1.2337277e-02
   5.3400000e+02   1.2125795e-02
   5.3500000e+02   1.2143811e-02
   5.3600000e+02   1.2180862e-02
   5.3700000e+02   1.2365247e-02
   5.3800000e+02   1.2715149e-02
   5.3900000e+02   1.3098441e-02
   5.4000000e+02   1.3605719e-02
   5.4100000e+02   1.4194023e-02
   5.4200000e+02   1.4847421e-02
   5.4300000e+02   1.5555192e-02
   5.4400000e+02   1.6292357e-02
   5.4500000e+02   1.7110360e-02
   5.4600000e+02   1.7946665e-02
   5.4700000e+02   1.8740114e-02
   5.4800000e+02   1.9676122e-02
   5.4900000e+02   2.0519322e-02
   5.5000000e+02   2.1392341e-02
   5.5100000e+02   2.2290705e-02
   5.5200000e+02   2.3177773e-02
   5.5300000e+02   2.4030431e-02
   5.5400000e+02   2.4918054e-02
   5.5500000e+02   2.5770775e-02
   5.5600000e+02   2.6649029e-02
   5.5700000e+02   2.7446054e-02
   5.5800000e+02   2.8318196e-02
   5.5900000e+02   2.9129045e-02
   5.6000000e+02   2.9916611e-02
   5.6100000e+02   3.0717797e-02
   5.6200000e+02   3.1523512e-02
   5.6300000e+02   3.2255923e-02
   5.6400000e+02   3.3025816e-02
   5.6500000e+02   3.3786266e-02
   5.6600000e+02   3.4492189e-02
   5.6700000e+02   3.5229675e-02
   5.6800000e+02   3.5898785e-02
   5.6900000e+02   3.6645518e-02
   5.7000000e+02   3.7267834e-02
   5.7100000e+02   3.7928527e-02
   5.7200000e+02   3.8648121e-02
   5.7300000e+02   3.9195400e-02
   5.7400000e+02   3.9849837e-02
   5.7500000e+02   4.0462486e-02
   5.7600000e+02   4.1003097e-02
   5.7700000e+02   4.1584338e-02
   5.7800000e+02   4.2101163e-02
   5.7900000e+02   4.2608026e-02
   5.8000000e+02   4.3116949e-02
   5.8100000e+02   4.3513193e-02
   5.8200000e+02   4.4036792e-02
   5.8300000e+02   4.4397324e-02
   5.8400000e+02   4.4779173e-02
   5.8500000e+02   4.5207596e-02
   5.8600000e+02   4.5502101e-02
   5.8700000e+02   4.5851404e-02
   5.8800000e+02   4.6133961e-02
   5.8900000e+02   4.6422372e-02
   5.9000000e+02   4.6642779e-02
   5.9100000e+02   4.6831239e-02
   5.9200000e+02   4.7031715e-02
   5.9300000e+02   4.7161320e-02
   5.9400000e+02   4.7222302e-02
   5.9500000e+02   4.7327429e-02
   5.9600000e+02   4.7327569e-02
   5.9700000e+02   4.7305137e-02
   5.9800000e+02   4.7230640e-02
   5.9900000e+02   4.7165794e-02
   6.0000000e+02   4.6969636e-02
   6.0100000e+02   4.6809182e-02
   6.0200000e+02   4.6570481e-02
   6.0300000e+02   4.6319827e-02
   6.0400000e+02   4.5990973e-02
   6.0500000e+02   4.5639529e-02
   6.0600000e+02   4.5305464e-02
   6.0700000e+02   4.4799956e-02
   6.0800000e+02   4.4374482e-02
   6.0900000e+02   4.3867331e-02
   6.1000000e+02   4.3282468e-02
   6.1100000e+02   4.2712794e-02
   6.1200000e+02   4.2048089e-02
   6.1300000e+02   4.1395870e-02
   6.1400000e+02   4.0652405e-02
   6.1500000e+02   3.9848250e-02
   6.1600000e+02   3.9099982e-02
   6.1700000e+02   3.8186430e-02
   6.1800000e+02   3.7262549e-02
   6.1900000e+02   3.6407650e-02
   6.2000000e+02   3.5336024e-02
   6.2100000e+02   3.4377606e-02
   6.2200000e+02   3.3323671e-02
   6.2300000e+02   3.2267030e-02
   6.2400000e+02   3.1190170e-02
   6.2500000e+02   3.0047608e-02
   6.2600000e+02   2.8986637e-02
   6.2700000e+02   2.7823713e-02
   6.2800000e+02   2.6670649e-02
   6.2900000e+02   2.5576154e-02
   6.3000000e+02   2.4426393e-02
   6.3100000e+02   2.3277953e-02
   6.3200000e+02   2.2209970e-02
   6.3300000e+02   2.1105471e-02
   6.3400000e+02   2.0043504e-02
   6.3500000e+02   1.9013615e-02
   6.3600000e+02   1.8050618e-02
   6.3700000e+02   1.7111630e-02
   6.3800000e+02   1.6264414e-02
   6.3900000e+02   1.5478122e-02
   6.4000000e+02   1.4870203e-02
   6.4100000e+02   1.4250918e-02
   6.4200000e+02   1.3900094e-02
   6.4300000e+02   1.3640039e-02
   6.4400000e+02   1.3490236e-02
   6.4500000e+02   1.3576631e-02
   6.4600000e+02   1.3786815e-02
   6.4700000e+02   1.4073199e-02
   6.4800000e+02   1.4589874e-02
   6.4900000e+02   1.5138283e-02
   6.5000000e+02   1.5796380e-02
   6.5100000e+02   1.6545299e-02
   6.5200000e+02   1.7331066e-02
   6.5300000e+02   1.8205657e-02
   6.5400000e+02   1.9046300e-02
   6.5500000e+02   1.9984604e-02
   6.5600000e+02   2.0916960e-02
   6.5700000e+02   2.1824584e-02
   6.5800000e+02   2.2759489e-02
   6.5900000e+02   2.3719872e-02
   6.6000000e+02   2.4591558e-02
   6.6100000e+02   2.5489488e-02
   6.6200000e+02   2.6397906e-02
   6.6300000e+02   2.7204297e-02
   6.6400000e+02   2.8050827e-02
   6.6500000e+02   2.8814557e-02
   6.6600000e+02   2.9622806e-02
   6.6700000e+02   3.0308610e-02
   6.6800000e+02   3.1014281e-02
   6.6900000e+02   3.1722693e-02
   6.7000000e+02   3.2327231e-02
   6.7100000e+02   3.2925228e-02
   6.7200000e+02   3.3565035e-02
   6.7300000e+02   3.4069225e-02
   6.7400000e+02   3.4632343e-02
   6.7500000e+02   3.5111430e-02
   6.7600000e+02   3.5613926e-02
   6.7700000e+02   3.6045345e-02
   6.7800000e+02   3.6420466e-02
   6.7900000e+02   3.6865961e-02
   6.8000000e+02   3.7170170e-02
   6.8100000e+02   3.7466008e-02
   6.8200000e+02   3.7804955e-02
   6.8300000e+02   3.8021466e-02
   6.8400000e+02   3.8240823e-02
   6.8500000e+02   3.8456493e-02
   6.8600000e+02   3.8583015e-02
   6.8700000e+02   3.8759133e-02
   6.8800000e+02   3.8798910e-02
   6.8900000e+02   3.8914471e-02
   6.9000000e+02   3.8959613e-02
   6.9100000e+02   3.8942445e-02
   6.9200000e+02   3.8974150e-02
   6.9300000e+02   3.8962913e-02
   6.9400000e+02   3.8883308e-02
   6.9500000e+02   3.8831057e-02
   6.9600000e+02   3.8775215e-02
   6.9700000e+02   3.8615425e-02
   6.9800000e+02   3.8500655e-02
   6.9900000e+02   3.8326658e-02
   7.0000000e+02   3.8150587e-02
   7.0100000e+02   3.7913799e-02
   7.0200000e+02   3.7651192e-02
   7.0300000e+02   3.7430629e-02
   7.0400000e+02   3.7067129e-02
   7.0500000e+02   3.6757622e-02
   7.0600000e+02   3.6409157e-02
   7.0700000e+02   3.6010135e-02
   7.0800000e+02   3.5587439e-02
   7.0900000e+02   3.5162716e-02
   7.1000000e+02   3.4687472e-02
   7.1100000e+02   3.4214583e-02
   7.1200000e+02   3.3661534e-02
   7.1300000e+02   3.3204286e-02
   7.1400000e+02   3.2605515e-02
   7.1500000e+02   3.2038722e-02
   7.1600000e+02   3.1498517e-02
   7.1700000e+02   3.0847597e-02
   7.1800000e+02   3.0231036e-02
   7.1900000e+02   2.9574305e-02
   7.2000000e+02   2.8889734e-02
   7.2100000e+02   2.8195126e-02
   7.2200000e+02   2.7408724e-02
   7.2300000e+02   2.6679443e-02
   7.2400000e+02   2.5891655e-02
   7.2500000e+02   2.4984969e-02
   7.2600000e+02   2.4220766e-02
   7.2700000e+02   2.3290873e-02
   7.2800000e+02   2.2395950e-02
   7.2900000e+02   2.1497571e-02
   7.3000000e+02   2.0570379e-02
   7.3100000e+02   1.9647730e-02
   7.3200000e+02   1.8702682e-02
   7.3300000e+02   1.7778543e-02
   7.3400000e+02   1.6861961e-02
   7.3500000e+02   1.5892988e-02
   7.3600000e+02   1.4976827e-02
   7.3700000e+02   1.4079196e-02
   7.3800000e+02   1.3127005e-02
   7.3900000e+02   1.2256236e-02
   7.4000000e+02   1.1370374e-02
   7.4100000e+02   1.0546663e-02
   7.4200000e+02   9.7295685e-03
   7.4300000e+02   8.9464488e-03
   7.4400000e+02   8.3451463e-03
   7.4500000e+02   7.6572552e-03
   7.4600000e+02   7.2202138e-03
   7.4700000e+02   6.8780098e-03
   7.4800000e+02   6.6956228e-03
   7.4900000e+02   6.7311635e-03
   7.5000000e+02   6.8326607e-03
   7.5100000e+02   7.2341191e-03
   7.5200000e+02   7.6278839e-03
   7.5300000e+02   8.1247937e-03
   7.5400000e+02   8.7372840e-03
   7.5500000e+02   9.3480521e-03
   7.5600000e+02   9.9931305e-03
   7.5700000e+02   1.0641194e-02
   7.5800000e+02   1.1302672e-02
   7.5900000e+02   1.2016259e-02
   7.6000000e+02   1.2596144e-02
   7.6100000e+02   1.3298864e-02
   7.6200000e+02   1.3946667e-02
   7.6300000e+02   1.4525488e-02
   7.6400000e+02   1.5182645e-02
   7.6500000e+02   1.5723063e-02
   7.6600000e+02   1.6341833e-02
   7.6700000e+02   1.6831507e-02
   7.6800000e+02   1.7331512e-02
   7.6900000e+02   1.7857016e-02
   7.7000000e+02   1.8243009e-02
   7.7100000e+02   1.8632297e-02
   7.7200000e+02   1.9049068e-02
   7.7300000e+02   1.9308522e-02
   7.7400000e+02   1.9608480e-02
   7.7500000e+02   1.9847653e-02
   7.7600000e+02   2.0041352e-02
   7.7700000e+02   2.0209845e-02
   7.7800000e+02   2.0288321e-02
   7.7900000e+02   2.0435645e-02
   7.8000000e+02   2.0443792e-02
   7.8100000e+02   2.0448380e-02
   7.8200000e+02   2.0482848e-02
   7.8300000e+02   2.0418811e-02
   7.8400000e+02   2.0366265e-02
   7.8500000e+02   2.0261431e-02
   7.8600000e+02   2.0187746e-02
   7.8700000e+02   2.0017749e-02
   7.8800000e+02   1.9846106e-02
   7.8900000e+02   1.9647612e-02
   7.9000000e+02   1.9442483e-02
   7.9100000e+02   1.9134133e-02
   7.9200000e+02   1.8877881e-02
   7.9300000e+02   1.8575251e-02
   7.9400000e+02   1.8207650e-02
   7.9500000e+02   1.7874224e-02
   7.9600000e+02   1.7491293e-02
   7.9700000e+02   1.7116045e-02
   7.9800000e+02   1.6698699e-02
   7.9900000e+02   1.6288853e-02
   8.0000000e+02   1.5926662e-02
   8.0100000e+02   1.5486287e-02
   8.0200000e+02   1.5078296e-02
   8.0300000e+02   1.4776257e-02
   8.0400000e+02   1.4323209e-02
   8.0500000e+02   1.4003050e-02
   8.0600000e+02   1.3652768e-02
   8.0700000e+02   1.3340301e-02
   8.0800000e+02   1.3024242e-02
   8.0900000e+02   1.2721431e-02
   8.1000000e+02   1.2501620e-02
   8.1100000e+02   1.2260823e-02
   8.1200000e+02   1.2063350e-02
   8.1300000e+02   1.1947836e-02
   8.1400000e+02   1.1874023e-02
   8.1500000e+02   1.1831635e-02
   8.1600000e+02   1.1880121e-02
   8.1700000e+02   1.1992925e-02
   8.1800000e+02   1.2189930e-02
   8.1900000e+02   1.2381817e-02
   8.2000000e+02   1.2714351e-02
   8.2100000e+02   1.3110218e-02
   8.2200000e+02   1.3450348e-02
   8.2300000e+02   1.3966778e-02
   8.2400000e+02   1.4441453e-02
   8.2500000e+02   1.4978667e-02
   8.2600000e+02   1.5552159e-02
   8.2700000e+02   1.6115916e-02
   8.2800000e+02   1.6799491e-02
   8.2900000e+02   1.7382304e-02
   8.3000000e+02   1.8067341e-02
   8.3100000e+02   1.8779536e-02
   8.3200000e+02   1.9450952e-02
   8.3300000e+02   2.0168963e-02
   8.3400000e+02   2.0930786e-02
   8.3500000e+02   2.1656997e-02
   8.3600000e+02   2.2440615e-02
   8.3700000e+02   2.3177809e-02
   8.3800000e+02   2.4022980e-02
   8.3900000e+02   2.4774166e-02
   8.4000000e+02   2.5551808e-02
   8.4100000e+02   2.6385931e-02
   8.4200000e+02   2.7113251e-02
   8.4300000e+02   2.7896077e-02
   8.4400000e+02   2.8634242e-02
   8.4500000e+02   2.9371419e-02
   8.4600000e+02   3.0102226e-02
   8.4700000e+02   3.0759651e-02
   8.4800000e+02   3.1470699e-02
   8.4900000e+02   3.2154806e-02
   8.5000000e+02   3.2710938e-02
   8.5100000e+02   3.3422356e-02
   8.5200000e+02   3.3968769e-02
   8.5300000e+02   3.4534237e-02
   8.5400000e+02   3.5104068e-02
   8.5500000e+02   3.5622605e-02
   8.5600000e+02   3.6130540e-02
   8.5700000e+02   3.6579044e-02
   8.5800000e+02   3.7040733e-02
   8.5900000e+02   3.7462928e-02
   8.6000000e+02   3.7803223e-02
   8.6100000e+02   3.8144993e-02
   8.6200000e+02   3.8466157e-02
   8.6300000e+02   3.8667299e-02
   8.6400000e+02   3.8879403e-02
   8.6500000e+02   3.9040413e-02
   8.6600000e+02   3.9136399e-02
   8.6700000e+02   3.9190766e-02
   8.6800000e+02   3.9173150e-02
   8.6900000e+02   3.9196852e-02
   8.7000000e+02   3.9045608e-02
   8.7100000e+02   3.8938724e-02
   8.7200000e+02   3.8771929e-02
   8.7300000e+02   3.8523012e-02
   8.7400000e+02   3.8240849e-02
   8.7500000e+02   3.7949786e-02
   8.7600000e+02   3.7568755e-02
   8.7700000e+02   3.7154248e-02
   8.7800000e+02   3.6695190e-02
   8.7900000e+02   3.6200725e-02
   8.8000000e+02   3.5639010e-02
   8.8100000e+02   3.4980463e-02
   8.8200000e+02   3.4378053e-02
   8.8300000e+02   3.3643245e-02
   8.8400000e+02   3.2841436e-02
   8.8500000e+02   3.2078819e-02
   8.8600000e+02   3.1209714e-02
   8.8700000e+02   3.0287044e-02
   8.8800000e+02   2.9390886e-02
   8.8900000e+02   2.8359636e-02
   8.9000000e+02   2.7420483e-02
   8.9100000e+02   2.6313154e-02
   8.9200000e+02   2.5290893e-02
   8.9300000e+02   2.4225319e-02
   8.9400000e+02   2.3064906e-02
   8.9500000e+02   2.1995544e-02
   8.9600000e+02   2.0865109e-02
   8.9700000e+02   1.9689831e-02
   8.9800000e+02   1.8564515e-02
   8.9900000e+02   1.7415580e-02
   9.0000000e+02   1.6268581e-02
   9.0100000e+02   1.5128636e-02
   9.0200000e+02   1.4017302e-02
   9.0300000e+02   1.2992031e-02
   9.0400000e+02   1.1935331e-02
   9.0500000e+02   1.1031856e-02
   9.0600000e+02   1.0255353e-02
   9.0700000e+02   9.5641352e-03
   9.0800000e+02   9.1006337e-03
   9.0900000e+02   8.8962046e-03
   9.1000000e+02   8.8481473e-03
   9.1100000e+02   9.0900646e-03
   9.1200000e+02   9.6124936e-03
   9.1300000e+02   1.0185753e-02
   9.1400000e+02   1.1069555e-02
   9.1500000e+02   1.1979986e-02
   9.1600000e+02   1.3020242e-02
   9.1700000e+02   1.4121098e-02
   9.1800000e+02   1.5274758e-02
   9.1900000e+02   1.6481331e-02
   9.2000000e+02   1.7700640e-02
   9.2100000e+02   1.8908146e-02
   9.2200000e+02   2.0228197e-02
   9.2300000e+02   2.1425751e-02
   9.2400000e+02   2.2691491e-02
   9.2500000e+02   2.3982510e-02
   9.2600000e+02   2.5201977e-02
   9.2700000e+02   2.6410839e-02
   9.2800000e+02   2.7680078e-02
   9.2900000e+02   2.8835061e-02
   9.3000000e+02   3.0027827e-02
   9.3100000e+02   3.1173729e-02
   9.3200000e+02   3.2334066e-02
   9.3300000e+02   3.3453844e-02
   9.3400000e+02   3.4521566e-02
   9.3500000e+02   3.5658181e-02
   9.3600000e+02   3.6700760e-02
   9.3700000e+02   3.7734433e-02
   9.3800000e+02   3.8790480e-02
   9.3900000e+02   3.9802176e-02
   9.4000000e+02   4.0770630e-02
   9.4100000e+02   4.1771912e-02
   9.4200000e+02   4.2711942e-02
   9.4300000e+02   4.3663980e-02
   9.4400000e+02   4.4544929e-02
   9.4500000e+02   4.5457113e-02
   9.4600000e+02   4.6359767e-02
   9.4700000e+02   4.7130658e-02
   9.4800000e+02   4.8022009e-02
   9.4900000e+02   4.8795798e-02
   9.5000000e+02   4.9541569e-02
   9.5100000e+02   5.0295028e-02
   9.5200000e+02   5.0990970e-02
   9.5300000e+02   5.1677366e-02
   9.5400000e+02   5.2295267e-02
   9.5500000e+02   5.2902509e-02
   9.5600000e+02   5.3522333e-02
   9.5700000e+02   5.4020048e-02
   9.5800000e+02   5.4535610e-02
   9.5900000e+02   5.5079341e-02
   9.6000000e+02   5.5435325e-02
   9.6100000e+02   5.5905637e-02
   9.6200000e+02   5.6263414e-02
   9.6300000e+02   5.6585541e-02
   9.6400000e+02   5.6892122e-02
   9.6500000e+02   5.7146812e-02
   9.6600000e+02   5.7377805e-02
   9.6700000e+02   5.7562150e-02
   9.6800000e+02   5.7649918e-02
   9.6900000e+02   5.7813698e-02
   9.7000000e+02   5.7814539e-02
   9.7100000e+02   5.7799140e-02
   9.7200000e+02   5.7777432e-02
   9.7300000e+02   5.7668602e-02
   9.7400000e+02   5.7507978e-02
   9.7500000e+02   5.7311513e-02
   9.7600000e+02   5.7068643e-02
   9.7700000e+02   5.6746486e-02
   9.7800000e+02   5.6389456e-02
   9.7900000e+02   5.5982949e-02
   9.8000000e+02   5.5530187e-02
   9.8100000e+02   5.4952496e-02
   9.8200000e+02   5.4442147e-02
   9.8300000e+02   5.3790588e-02
   9.8400000e+02   5.3090331e-02
   9.8500000e+02   5.2391938e-02
   9.8600000e+02   5.1586025e-02
   9.8700000e+02   5.0777900e-02
   9.8800000e+02   4.9848039e-02
   9.8900000e+02   4.8930833e-02
   9.9000000e+02   4.7970411e-02
   9.9100000e+02   4.6877732e-02
   9.9200000e+02   4.5819946e-02
   9.9300000e+02   4.4715989e-02
   9.9400000e+02   4.3484534e-02
   9.9500000e+02   4.2323046e-02
   9.9600000e+02   4.1056265e-02
   9.9700000e+02   3.9754566e-02
   9.9800000e+02   3.8470170e-02
   9.9900000e+02   3.7069873e-02
   1.0000000e+03   3.5759881e-02
