   3.0883735e+00   2.2600000e+01
   1.8423745e+01   4.7400000e+01
   2.9499291e+01   7.2200000e+01
   4.4408680e+01   9.4600000e+01
   5.4206279e+01   1.1620000e+02
   6.5281825e+01   1.3860000e+02
   7.7209336e+01   1.6340000e+02
   8.9136848e+01   1.8660000e+02
   9.8508464e+01   2.0900000e+02
   1.0873204e+02   2.3140000e+02
   1.2151152e+02   2.5300000e+02
   1.3301305e+02   2.8020000e+02
   1.4238467e+02   3.0180000e+02
   1.5260825e+02   3.2420000e+02
   1.6368379e+02   3.4500000e+02
   1.7859318e+02   3.6420000e+02
   1.9052069e+02   3.8020000e+02
   2.0202222e+02   3.9860000e+02
   2.1352375e+02   4.1860000e+02
   2.2332135e+02   4.3700000e+02
   2.3269297e+02   4.5460000e+02
   2.4249056e+02   4.7460000e+02
   2.5271415e+02   4.9540000e+02
   2.6251174e+02   5.1700000e+02
   2.7060541e+02   5.4500000e+02
   2.8040301e+02   5.6740000e+02
   2.9020061e+02   5.8900000e+02
