%Depth	TC [%]	TIC [%]	TOC [%]
0.60	1.00	0.91	0.09
0.92	1.58	1.39	0.18
1.24	1.94	1.75	0.19
1.54	1.91	1.67	0.24
1.84	1.29	1.15	0.14
2.16	0.67	0.50	0.18
2.47	1.42	1.24	0.18
2.48	1.20	1.02	0.18
2.79	1.50	1.37	0.13
3.04	4.73	4.42	0.31
3.36	1.80	1.67	0.13
3.68	3.69	3.48	0.20
3.92	2.44	2.16	0.28
3.99	2.11	1.84	0.27
4.24	4.12	3.81	0.31
4.31	2.17	1.79	0.38
4.56	1.95	1.60	0.35
4.88	2.11	1.99	0.12
5.20	2.10	1.91	0.19
5.51	0.62	0.55	0.07
5.83	0.37	0.34	0.03
6.15	0.46	0.38	0.08
6.35	2.16	1.97	0.19
6.67	2.17	1.99	0.18
6.99	0.59	0.50	0.09
7.23	0.25	0.29	0.04
7.62	0.45	0.42	0.02
7.92	0.50	0.44	0.07
8.24	3.86	3.52	0.35
8.54	2.32	2.12	0.19
8.86	1.95	1.82	0.13
9.18	1.83	1.61	0.22
9.49	2.29	2.22	0.08
9.81	1.64	1.56	0.08
10.13	2.33	1.97	0.37
10.47	3.49	3.43	0.07
10.79	1.80	1.55	0.25
11.10	2.03	1.87	0.15
11.42	1.72	1.48	0.24
11.74	3.03	2.82	0.20
12.06	1.51	1.31	0.20
12.37	1.68	1.41	0.27
12.69	1.94	1.76	0.18
13.01	2.01	1.81	0.21
13.33	1.26	0.69	0.57
13.65	1.93	1.55	0.38
13.97	1.18	0.91	0.28
14.29	2.41	2.24	0.16
14.60	1.83	1.55	0.28
18.00	1.92	1.62	0.30
18.21	2.34	2.21	0.13
18.32	1.37	1.16	0.21
18.64	1.77	1.65	0.12
18.96	2.56	2.29	0.27
19.28	2.85	2.60	0.25
19.60	2.60	2.19	0.41
19.92	2.29	1.93	0.36
20.24	2.06	1.80	0.26
20.56	2.75	2.52	0.23
20.92	3.19	3.07	0.12
21.23	2.32	1.87	0.45
21.55	3.76	3.48	0.28
21.87	2.81	2.72	0.09
22.19	2.68	2.62	0.06
22.52	3.96	2.65	1.32
22.84	3.00	2.79	0.21
23.16	2.93	2.87	0.06
23.48	2.43	2.43	0.00
23.90	2.89	2.85	0.05
24.22	3.16	2.96	0.20
24.54	2.36	2.13	0.23
24.86	1.55	1.48	0.07
25.18	1.60	1.49	0.11
25.51	2.45	2.41	0.04
25.83	2.02	1.97	0.05
26.15	1.27	1.16	0.12
26.47	2.09	1.76	0.33
26.88	2.51	1.97	0.53
27.20	2.27	2.08	0.19
27.52	2.13	1.78	0.35
27.84	3.11	3.10	0.01
28.15	1.76	1.68	0.08
28.79	2.93	2.83	0.10
29.11	1.78	1.70	0.08
29.39	2.41	2.32	0.09
29.55	1.15	1.14	0.02
29.87	0.96	0.87	0.09
30.15	0.80	0.66	0.14
30.47	0.77	0.53	0.24
30.79	0.81	0.50	0.31
31.11	0.46	0.15	0.31
31.43	0.43	0.13	0.30
31.76	1.61	1.32	0.29
32.08	1.06	0.86	0.20
32.40	2.05	1.78	0.26
32.72	1.75	1.53	0.21
33.04	1.37	1.14	0.23
33.80	1.81	1.64	0.16
34.12	2.43	2.27	0.16
34.44	1.34	1.19	0.15
34.76	1.22	1.07	0.15
35.06	1.63	1.49	0.14
35.38	1.37	1.22	0.15
35.70	1.80	1.66	0.14
36.00	2.27	2.12	0.15
36.32	0.83	0.67	0.16
36.64	1.59	1.39	0.20
36.89	1.20	0.89	0.31
37.50	0.96	0.52	0.44
37.82	0.87	0.33	0.54
38.14	1.12	0.73	0.39
38.46	0.70	0.49	0.22
38.80	1.01	0.74	0.27
39.12	0.88	0.61	0.27
39.44	0.78	0.51	0.27
39.76	0.85	0.54	0.30
40.08	1.30	0.96	0.35
40.42	0.75	0.17	0.59
40.74	0.63	0.15	0.48
41.06	0.53	0.12	0.40
41.40	0.68	0.11	0.57
41.72	0.64	0.15	0.49
42.05	0.69	0.09	0.60
46.91	1.02	0.73	0.28
49.59	1.13	0.96	0.17
50.00	2.02	1.85	0.16
50.32	2.15	1.95	0.20
50.64	1.56	1.36	0.20
50.96	4.40	4.19	0.21
51.28	1.77	1.58	0.19
51.60	3.28	3.17	0.12
51.92	1.26	1.16	0.10
52.20	0.96	0.83	0.13
55.04	0.18	0.18	0.01
57.88	0.41	0.18	0.22
60.72	0.60	0.09	0.51
61.04	0.52	0.04	0.48
61.35	0.76	0.17	0.59
61.67	0.53	0.04	0.49
61.99	0.58	0.09	0.49
62.33	0.47	0.09	0.39
62.65	0.43	0.15	0.28
62.97	0.29	0.07	0.21
63.29	0.21	0.05	0.16
63.61	0.23	0.12	0.11
63.94	0.39	0.14	0.25
64.26	0.27	0.16	0.11
64.58	0.39	0.21	0.19
64.90	0.22	0.13	0.08
67.03	0.35	0.08	0.26
67.35	0.77	0.30	0.47
67.67	0.49	0.08	0.41
67.94	0.50	0.09	0.42
67.99	0.62	0.06	0.56
68.26	0.82	0.11	0.70
68.59	0.82	0.07	0.75
68.81	0.98	0.32	0.65
69.23	0.64	0.07	0.58
69.55	1.03	0.33	0.69
69.74	2.22	1.79	0.42
69.87	1.18	0.34	0.84
70.06	4.15	1.91	2.24
70.19	1.80	1.07	0.73
70.51	2.05	1.38	0.67
71.32	3.56	1.39	2.17
71.64	3.51	0.59	2.92
71.79	2.27	1.57	0.70
71.88	3.68	2.24	1.43
72.20	2.33	1.48	0.85
72.52	1.71	0.68	1.03
72.84	1.75	0.71	1.04
73.17	1.41	0.49	0.92
73.79	1.57	1.50	0.07
74.11	1.43	1.29	0.14
74.37	3.35	3.29	0.05
74.67	0.40	0.33	0.07
75.07	0.60	0.39	0.21
75.40	0.41	0.29	0.12
75.72	1.11	0.95	0.15
76.04	1.16	0.94	0.22
76.27	0.77	0.49	0.28
76.67	0.61	0.50	0.11
76.99	0.50	0.39	0.11
77.31	0.74	0.52	0.21
77.76	0.55	0.28	0.27
78.10	1.21	0.90	0.31
80.19	0.73	0.47	0.26
80.72	0.38	0.03	0.36
81.04	0.62	0.06	0.56
81.36	0.65	0.31	0.34
81.68	1.08	0.75	0.33
81.94	0.97	0.70	0.27
82.31	0.42	0.12	0.30
82.63	5.17	5.04	0.13
82.95	0.34	0.15	0.19
83.19	2.84	2.60	0.25
83.59	0.26	0.13	0.13
83.91	0.20	0.11	0.09
84.23	0.24	0.10	0.14
84.55	0.29	0.14	0.15
84.87	1.73	1.20	0.53
85.19	0.72	0.46	0.26
85.51	0.88	0.62	0.26
85.83	3.92	3.56	0.36
86.15	2.02	1.74	0.28
86.47	0.81	0.37	0.44
86.79	2.14	1.87	0.27
87.86	1.71	1.43	0.27
88.18	0.58	0.36	0.22
88.50	5.67	5.55	0.12
88.82	0.96	0.74	0.22
89.14	1.84	1.69	0.16
89.46	1.50	1.36	0.14
89.78	0.95	0.82	0.12
90.10	0.66	0.52	0.14
90.86	0.98	0.82	0.16
91.18	0.83	0.68	0.15
91.50	0.85	0.58	0.26
91.82	0.68	0.34	0.34
92.14	0.59	0.26	0.33
92.46	0.58	0.24	0.34
92.78	0.56	0.13	0.43
93.10	0.36	0.22	0.14
94.61	0.61	0.41	0.20
94.93	1.27	1.05	0.21
95.25	3.79	3.30	0.50
95.48	0.37	0.06	0.31
95.76	0.47	0.07	0.40
95.80	0.33	0.05	0.28
96.12	0.60	0.07	0.54
96.44	0.45	0.07	0.38
96.76	0.68	0.52	0.15
97.08	0.22	0.06	0.17
97.40	0.35	0.07	0.28
97.72	0.49	0.07	0.43
97.96	0.42	0.08	0.34
98.24	0.76	0.07	0.69
98.56	0.51	0.07	0.44
98.88	0.65	0.07	0.58
99.19	0.61	0.07	0.54
99.51	0.33	0.08	0.25
99.83	0.58	0.07	0.51
100.16	0.59	0.09	0.51
100.48	0.26	0.08	0.18
101.08	0.51	0.09	0.41
101.40	0.57	0.08	0.48
101.72	0.47	0.10	0.37
103.94	2.03	1.88	0.15
104.26	1.37	1.15	0.22
104.58	1.05	0.68	0.38
104.90	1.07	0.77	0.30
105.22	1.30	0.82	0.48
105.54	1.64	1.26	0.38
105.86	4.34	3.92	0.42
106.18	2.90	2.61	0.28
106.50	1.36	1.05	0.31
107.07	1.09	0.72	0.37
107.39	1.34	0.92	0.42
107.71	0.96	0.60	0.37
108.03	1.04	0.49	0.55
108.35	0.99	0.42	0.57
108.59	0.89	0.19	0.70
108.75	0.76	0.26	0.50
109.03	0.85	0.66	0.19
109.39	0.67	0.48	0.19
109.71	0.62	0.43	0.18
110.03	0.48	0.29	0.19
110.35	0.65	0.36	0.29
110.67	0.83	0.49	0.35
110.99	2.52	2.28	0.24
111.77	0.18	0.08	0.10
112.09	0.16	0.11	0.06
112.41	0.49	0.10	0.39
112.58	0.63	0.12	0.51
112.76	0.58	0.17	0.41
113.08	0.68	0.12	0.56
113.40	1.13	0.12	1.02
113.72	0.44	0.09	0.35
113.84	0.69	0.12	0.57
113.94	0.98	0.13	0.85
114.26	1.64	0.12	1.52
114.58	0.59	0.10	0.49
114.90	1.56	1.22	0.34
115.22	2.11	1.74	0.36
115.54	1.00	0.39	0.61
116.18	1.18	0.93	0.25
116.50	1.27	1.02	0.25
116.82	1.55	1.47	0.08
117.14	2.59	2.38	0.21
117.46	1.31	1.08	0.24
117.78	1.86	1.61	0.25
117.91	0.89	0.71	0.18
117.92	1.03	0.84	0.19
118.24	1.05	0.87	0.18
118.56	2.44	2.32	0.12
118.88	1.12	0.95	0.18
119.21	1.11	0.89	0.22
119.53	1.91	1.81	0.10
119.65	2.24	1.99	0.24
119.96	1.31	1.13	0.18
120.28	1.20	0.92	0.28
120.60	0.99	0.87	0.13
120.92	1.34	1.24	0.10
121.06	1.18	1.05	0.13
121.72	1.36	1.22	0.15
121.98	1.26	1.17	0.09
122.30	1.19	1.05	0.14
122.62	1.02	0.86	0.15
123.03	1.92	1.84	0.08
123.25	0.86	0.72	0.14
123.57	0.36	0.21	0.14
123.89	0.58	0.43	0.15
124.21	0.57	0.33	0.24
124.54	0.41	0.13	0.27
124.86	0.33	0.05	0.28
125.18	0.73	0.11	0.63
125.50	0.34	0.07	0.27
125.82	0.44	0.22	0.22
126.14	1.41	1.26	0.16
126.46	0.20	0.03	0.17
126.58	0.23	0.04	0.19
127.09	0.24	0.16	0.07
127.41	0.83	0.78	0.04
127.80	1.11	0.85	0.26
128.12	1.07	0.76	0.30
128.44	1.41	1.21	0.20
128.76	3.40	3.30	0.10
129.08	2.83	2.26	0.57
129.40	2.67	2.20	0.47
129.72	1.69	1.33	0.35
130.04	2.10	1.80	0.29
130.36	1.70	1.55	0.14
130.68	4.28	4.03	0.25
131.00	2.16	2.11	0.04
131.32	2.62	2.47	0.15
131.64	2.05	1.85	0.20
131.96	1.94	1.71	0.22
132.28	3.92	3.69	0.24
132.60	2.01	1.76	0.25
132.92	2.57	2.39	0.18
133.33	1.75	1.61	0.14
133.65	1.68	1.55	0.14
133.97	1.89	1.73	0.16
134.29	0.67	0.57	0.10
134.62	0.88	0.80	0.08
134.96	1.37	1.31	0.06
135.28	0.57	0.52	0.04
135.53	0.69	0.62	0.07
135.85	4.30	4.16	0.14
136.17	3.03	2.87	0.16
136.49	2.90	2.80	0.10
136.81	1.99	1.82	0.17
137.13	2.63	2.56	0.07
137.45	3.34	3.16	0.18
137.77	3.97	3.77	0.20
138.09	3.89	3.66	0.23
138.67	1.62	1.51	0.11
138.99	3.59	3.21	0.38
139.31	1.72	1.44	0.28
139.63	2.17	2.05	0.12
139.95	1.11	0.87	0.24
140.27	1.85	1.60	0.25
140.62	2.61	2.45	0.16
140.93	2.63	2.58	0.05
141.25	1.80	1.69	0.11
141.57	1.67	1.55	0.12
141.89	3.95	3.83	0.12
142.21	0.40	0.22	0.18
142.52	0.50	0.26	0.24
142.84	0.35	0.09	0.26
143.16	0.43	0.20	0.22
143.47	0.49	0.24	0.25
143.79	0.40	0.06	0.34
145.44	0.41	0.32	0.09
146.08	0.66	0.20	0.46
146.40	0.62	0.06	0.56
146.72	0.71	0.06	0.64
147.01	0.64	0.03	0.61
147.67	0.62	0.13	0.48
148.31	0.62	0.08	0.54
148.63	0.74	0.08	0.65
148.95	0.73	0.08	0.65
149.27	0.79	0.16	0.62
149.91	0.76	0.16	0.60
150.22	1.04	0.11	0.93
150.54	6.10	5.53	0.57
150.86	1.33	0.98	0.35
151.48	3.08	2.87	0.21
152.00	3.08	2.94	0.15
152.32	1.68	1.58	0.10
152.96	1.26	1.23	0.03
153.09	0.95	0.81	0.14
153.41	1.10	1.02	0.09
153.73	0.92	0.83	0.10
154.05	0.59	0.42	0.17
154.50	0.31	0.17	0.14
154.62	0.38	0.30	0.08
154.94	0.24	0.14	0.10
155.26	0.53	0.38	0.15
155.58	0.41	0.29	0.12
156.87	0.53	0.31	0.22
157.19	0.70	0.46	0.24
157.51	0.52	0.11	0.40
157.83	0.28	0.10	0.18
158.63	0.53	0.14	0.38
158.94	0.47	0.10	0.37
159.26	0.44	0.05	0.40
159.58	0.52	0.11	0.41
159.90	0.30	0.03	0.27
160.22	0.40	0.05	0.35
161.46	0.61	0.23	0.37
161.78	0.95	0.59	0.36
162.10	1.24	0.97	0.27
162.41	1.74	1.28	0.46
162.73	1.40	1.18	0.22
163.05	0.84	0.69	0.16
163.37	0.67	0.55	0.13
163.69	0.94	0.81	0.13
164.01	0.73	0.51	0.22
164.33	0.83	0.63	0.20
164.65	1.01	0.70	0.31
165.06	1.19	1.00	0.19
165.80	1.50	1.21	0.30
166.12	0.57	0.04	0.52
166.44	0.55	0.09	0.46
166.53	0.45	0.08	0.38
166.76	0.48	0.02	0.45
166.85	0.20	0.04	0.16
167.19	0.36	0.03	0.33
167.49	0.41	0.04	0.37
167.81	0.39	0.03	0.36
168.13	0.53	0.13	0.39
168.45	0.47	0.16	0.30
168.82	0.32	0.11	0.21
169.04	0.31	0.05	0.26
169.14	0.35	0.08	0.26
169.36	0.30	0.05	0.26
169.68	0.92	0.57	0.35
170.00	0.46	0.18	0.27
170.32	0.43	0.13	0.30
170.64	1.23	0.94	0.30
170.96	0.83	0.56	0.27
171.28	0.17	0.09	0.07
171.60	0.37	0.08	0.28
171.92	0.14	0.03	0.11
172.24	0.40	0.06	0.33
172.56	0.72	0.02	0.70
172.88	1.93	1.56	0.37
174.99	1.77	1.50	0.27
175.31	1.74	1.44	0.31
175.63	1.48	1.13	0.35
175.95	1.14	0.87	0.27
176.27	0.89	0.60	0.30
176.90	2.61	2.41	0.20
177.22	0.93	0.49	0.44
177.54	2.23	2.10	0.13
177.86	0.28	0.06	0.21
178.17	4.91	4.68	0.23
178.49	0.44	0.23	0.21
178.81	1.05	0.82	0.23
179.77	1.76	1.48	0.28
180.09	1.37	1.05	0.32
180.41	1.74	1.44	0.29
180.73	1.48	1.21	0.27
180.91	0.43	0.14	0.30
181.23	0.48	0.29	0.19
181.55	0.46	0.25	0.22
181.87	0.48	0.14	0.35
182.35	0.51	0.05	0.47
182.67	0.48	0.06	0.42
182.97	1.00	0.19	0.81
183.31	0.45	0.05	0.40
183.63	0.56	0.06	0.49
183.95	0.94	0.42	0.51
184.25	1.82	1.23	0.59
184.60	1.59	1.29	0.29
185.28	1.35	0.93	0.43
185.60	1.66	1.26	0.40
185.92	2.12	1.83	0.30
186.24	1.34	0.80	0.54
186.56	1.56	1.17	0.39
186.88	0.94	0.44	0.50
187.20	0.56	0.09	0.47
187.52	0.43	0.06	0.37
187.68	0.50	0.09	0.41
188.00	0.74	0.49	0.25
188.30	1.05	0.70	0.36
188.64	0.86	0.48	0.39
188.96	0.72	0.38	0.34
189.28	0.44	0.15	0.30
189.29	0.56	0.07	0.49
189.61	0.52	0.13	0.38
189.93	0.56	0.05	0.51
190.25	0.52	0.06	0.45
190.62	0.47	0.04	0.43
190.89	0.40	0.02	0.38
191.20	0.42	0.04	0.38
191.52	0.43	0.02	0.41
191.84	0.33	0.02	0.31
192.16	0.33	0.01	0.32
192.48	0.30	0.04	0.26
192.80	0.63	0.33	0.30
193.12	0.65	0.27	0.38
193.45	0.72	0.26	0.45
193.77	0.49	0.06	0.43
194.09	0.62	0.16	0.46
194.40	0.58	0.13	0.46
194.72	0.57	0.19	0.38
194.91	0.81	0.56	0.26
195.23	0.38	0.13	0.25
195.55	0.64	0.27	0.37
195.87	0.32	0.03	0.30
196.19	0.31	0.03	0.28
197.17	0.44	0.21	0.23
197.49	0.43	0.11	0.32
197.80	0.39	0.08	0.31
198.12	0.32	0.02	0.30
198.44	0.40	0.03	0.37
198.76	0.41	0.04	0.37
199.08	0.49	0.06	0.42
199.40	1.28	0.89	0.39
199.57	1.27	1.00	0.27
199.89	1.42	1.02	0.40
200.21	0.87	0.70	0.16
200.35	1.06	0.87	0.18
200.67	0.95	0.76	0.19
200.99	0.85	0.70	0.15
201.31	4.49	4.07	0.42
201.63	1.69	1.53	0.16
201.80	1.09	0.92	0.17
202.10	0.87	0.67	0.20
202.42	0.70	0.53	0.17
202.74	0.51	0.32	0.19
203.06	3.35	3.28	0.07
203.38	0.55	0.25	0.31
203.52	0.53	0.33	0.19
203.70	0.64	0.25	0.39
204.29	1.29	0.97	0.32
204.64	0.50	0.08	0.42
204.92	0.45	0.08	0.37
205.19	0.41	0.04	0.37
205.51	0.27	0.04	0.23
205.81	0.40	0.16	0.24
205.83	0.27	0.04	0.23
206.13	0.38	0.10	0.27
206.15	0.41	0.08	0.33
206.45	0.28	0.08	0.20
206.47	0.36	0.08	0.27
206.65	0.37	0.09	0.29
206.77	0.37	0.09	0.29
206.97	0.31	0.08	0.23
207.09	0.34	0.18	0.16
207.29	0.21	0.02	0.19
207.41	0.19	0.03	0.16
207.61	0.36	0.10	0.26
207.73	0.24	0.06	0.18
207.94	0.32	0.08	0.24
208.02	0.23	0.02	0.21
208.05	0.16	0.02	0.14
208.58	0.38	0.14	0.24
208.90	0.24	0.06	0.18
209.22	0.50	0.38	0.12
209.54	0.21	0.05	0.16
209.68	0.19	0.02	0.17
209.99	0.28	0.05	0.23
210.27	0.36	0.08	0.28
210.43	0.19	0.08	0.11
210.59	0.32	0.08	0.24
210.75	0.62	0.12	0.50
210.91	0.45	0.15	0.30
212.12	0.58	0.29	0.29
212.43	0.38	0.12	0.25
212.44	0.35	0.12	0.23
212.75	0.41	0.24	0.18
212.76	0.30	0.07	0.24
213.08	0.76	0.50	0.26
213.40	0.51	0.29	0.22
213.72	0.63	0.48	0.15
214.04	0.32	0.06	0.27
214.36	0.54	0.17	0.37
214.57	0.21	0.06	0.15
215.01	0.47	0.14	0.33
215.33	0.60	0.15	0.45
215.65	0.58	0.03	0.55
215.97	0.35	0.02	0.33
216.28	0.47	0.06	0.42
216.60	0.52	0.08	0.43
216.92	0.47	0.15	0.33
217.24	0.40	0.07	0.33
217.57	0.65	0.06	0.59
217.89	0.63	0.07	0.56
218.21	1.06	0.40	0.67
219.12	2.48	2.25	0.23
219.44	1.85	1.62	0.23
219.76	2.32	1.94	0.38
219.94	1.81	1.59	0.22
220.26	1.97	1.70	0.27
220.58	1.17	0.86	0.30
220.90	1.53	1.45	0.08
221.26	1.54	1.44	0.10
221.74	1.32	1.09	0.23
223.04	1.19	1.02	0.17
223.36	0.86	0.81	0.05
223.68	1.09	0.77	0.32
224.00	1.48	1.17	0.31
224.32	1.60	1.23	0.37
224.46	1.56	1.24	0.32
224.64	1.69	1.38	0.31
224.78	1.99	1.51	0.49
225.10	1.97	1.57	0.40
226.46	1.88	1.55	0.33
226.78	1.82	1.36	0.46
227.10	2.34	2.22	0.12
227.42	2.53	2.24	0.29
228.41	2.74	2.72	0.02
228.70	1.89	1.82	0.06
228.75	1.72	1.68	0.04
229.07	1.55	1.29	0.25
229.39	0.56	0.35	0.21
229.71	1.76	1.52	0.24
230.02	1.46	1.44	0.01
230.34	0.56	0.52	0.04
230.66	1.10	1.09	0.01
230.98	1.16	0.96	0.20
231.30	1.90	1.46	0.45
231.62	0.98	0.53	0.45
232.00	1.25	1.23	0.02
232.32	0.89	0.64	0.24
232.64	1.08	0.87	0.21
232.96	1.19	0.91	0.28
233.28	0.82	0.72	0.10
233.60	2.56	2.53	0.04
233.83	1.14	1.01	0.13
235.42	1.98	1.91	0.07
235.74	1.83	1.75	0.07
236.06	2.67	2.58	0.09
237.34	0.91	0.56	0.35
237.66	0.70	0.41	0.30
237.98	0.66	0.36	0.30
239.25	0.39	0.09	0.30
239.57	0.39	0.03	0.36
239.89	1.20	0.20	1.00
241.17	4.56	3.87	0.69
241.49	2.82	2.29	0.53
241.81	2.23	1.84	0.39
242.77	0.69	0.56	0.14
242.93	0.36	0.12	0.24
243.09	1.24	1.19	0.05
243.41	0.25	0.15	0.10
244.21	0.45	0.06	0.39
244.53	0.43	0.11	0.32
244.85	1.24	0.65	0.59
244.93	0.33	0.14	0.18
245.57	1.25	1.01	0.23
245.89	0.27	0.04	0.23
246.20	0.66	0.03	0.63
246.52	0.47	0.04	0.43
247.80	0.82	0.06	0.76
248.12	0.60	0.20	0.40
248.36	0.36	0.14	0.21
248.68	0.38	0.04	0.34
249.65	0.42	0.05	0.37
249.97	0.46	0.04	0.42
250.29	0.90	0.06	0.84
251.42	0.24	0.14	0.10
251.74	0.86	0.74	0.12
252.06	6.12	6.05	0.07
253.35	0.67	0.43	0.24
253.70	1.19	0.58	0.60
254.02	0.60	0.02	0.57
254.22	0.50	0.33	0.17
254.85	0.33	0.13	0.20
255.17	0.35	0.18	0.17
255.49	0.13	0.08	0.05
257.47	0.68	0.01	0.67
257.79	0.61	0.01	0.60
259.70	0.38	0.12	0.26
260.34	0.29	0.08	0.21
260.66	0.47	0.23	0.23
261.06	0.41	0.05	0.35
262.34	1.10	0.83	0.26
262.66	0.30	0.08	0.22
262.91	4.69	4.57	0.12
263.28	1.70	1.48	0.22
263.55	6.47	6.11	0.36
263.60	1.27	1.11	0.16
263.92	1.26	1.05	0.21
265.19	0.76	0.41	0.35
265.51	0.52	0.19	0.33
266.07	0.75	0.60	0.14
266.71	0.61	0.36	0.25
267.35	0.50	0.08	0.42
267.67	0.37	0.04	0.34
267.99	0.38	0.02	0.36
268.94	0.46	0.06	0.41
269.16	0.07	0.00	0.07
269.48	0.46	0.00	0.46
269.80	0.61	0.36	0.25
270.12	1.70	1.37	0.34
270.76	0.32	0.16	0.16
271.08	0.17	0.00	0.17
271.30	1.89	1.84	0.05
271.61	0.43	0.13	0.30
271.93	0.47	0.07	0.40
272.81	0.37	0.03	0.34
273.13	0.35	0.04	0.31
273.45	0.41	0.02	0.38
273.78	0.83	0.48	0.35
274.42	0.94	0.51	0.43
274.74	0.45	0.04	0.41
275.06	0.34	0.03	0.31
275.28	0.63	0.48	0.15
275.60	0.30	0.07	0.23
276.23	0.99	0.85	0.14
276.55	0.15	0.07	0.09
276.87	0.09	0.05	0.04
276.93	0.20	0.09	0.11
277.19	0.61	0.44	0.17
280.04	0.82	0.70	0.13
280.36	0.53	0.29	0.24
280.68	0.98	0.78	0.20
281.00	2.59	2.46	0.13
281.32	0.52	0.21	0.31
281.63	0.36	0.19	0.17
281.96	0.38	0.10	0.28
282.05	0.53	0.15	0.38
282.28	3.65	3.61	0.04
282.60	0.76	0.53	0.23
282.69	0.67	0.30	0.37
283.01	0.45	0.11	0.34
283.33	0.52	0.19	0.34
283.65	1.26	0.77	0.49
284.29	0.51	0.09	0.42
284.61	0.42	0.11	0.30
284.93	0.34	0.06	0.27
285.25	0.37	0.11	0.26
285.89	0.73	0.46	0.26
286.53	0.42	0.10	0.33
286.85	0.40	0.15	0.25
287.17	0.50	0.19	0.31
287.49	0.60	0.10	0.50
288.12	0.43	0.07	0.37
288.44	9.03	8.99	0.04
288.76	0.44	0.15	0.30
289.08	0.21	0.08	0.13
289.72	0.45	0.20	0.25
290.36	1.72	1.70	0.02
290.68	0.24	0.20	0.04
291.00	0.91	0.86	0.05
291.32	0.23	0.11	0.13
291.96	0.22	0.07	0.15
