   0.0000000e+00  -6.3000000e-02
   5.0000000e+00   1.1090000e+01
   1.0000000e+01   3.3277000e+01
   1.5000000e+01   3.9263000e+01
   2.0000000e+01   4.4554000e+01
   2.5000000e+01   5.2074000e+01
   3.0000000e+01   6.0408000e+01
   3.5000000e+01   6.6326000e+01
   4.0000000e+01   7.5602000e+01
   4.5000000e+01   8.2334000e+01
   5.0000000e+01   9.3417000e+01
   5.5000000e+01   1.0794000e+02
   6.0000000e+01   1.2249000e+02
   6.5000000e+01   1.3701200e+02
   7.6495816e+01   1.6340000e+02
   8.8678916e+01   1.8660000e+02
   1.0789073e+02   2.0900000e+02
   1.2194815e+02   2.3140000e+02
   1.3413125e+02   2.5300000e+02
   1.4162855e+02   2.8020000e+02
   1.5287449e+02   3.0180000e+02
   1.6458901e+02   3.2420000e+02
   1.7536636e+02   3.4500000e+02
   1.8286366e+02   3.6420000e+02
   1.9176669e+02   3.8020000e+02
   2.0301263e+02   3.9860000e+02
   2.1378999e+02   4.1860000e+02
   2.2222444e+02   4.3700000e+02
   2.3253322e+02   4.5460000e+02
   2.4284200e+02   4.7460000e+02
   2.5315078e+02   4.9540000e+02
   2.6439672e+02   5.1700000e+02
   2.7892272e+02   5.4500000e+02
   2.9063724e+02   5.6740000e+02
