        0         0
   5.6948   12.0000
  14.5578   34.0000
  22.2647   60.0000
  31.5130   83.0000
  39.9906  106.0000
  49.2389  127.0000
  58.1019  151.0000
  65.8088  176.0000
  83.5347  198.0000
 101.6460  220.0000
 112.8210  242.0000
 129.0056  267.0000
 147.1168  291.0000
 169.0816  313.0000
 184.1101  335.0000
 196.8265  355.0000
 207.6162  372.0000
 217.2498  389.0000
 226.4981  408.0000
 238.4439  428.0000
 247.6922  445.0000
 255.7844  465.0000
 261.5646  485.0000
 268.1155  506.0000
 273.1250  528.0000
 278.5199  556.0000
 283.9147  578.0000
 288.5388  600.0000
