%Splice Depth Midpoint (mcd) July 18
0
0.61
0.93
1.25
1.55
1.85
2.17
2.478
2.49
2.798
3.046
3.366
3.686
3.933
4.001
4.263
4.314
4.568
4.888
5.208
5.524
5.844
6.164
6.359
6.679
6.999
7.319
7.629
7.932
8.252
8.552
8.872
9.192
9.5
9.82
10.14
10.475
10.795
11.105
11.425
11.745
12.065
12.697
13.017
13.337
13.657
13.977
14.297
14.613
18.011
18.22
18.331
18.651
18.971
19.288
19.608
19.928
20.248
20.568
20.931
21.241
21.561
21.881
22.528
22.848
23.168
23.488
23.913
24.233
24.553
24.873
25.193
25.518
25.838
26.156
26.476
26.886
27.206
27.526
27.846
28.159
28.799
29.119
29.398
29.448
29.876
30.163
30.483
30.803
31.123
31.443
31.773
32.093
32.409
32.729
33.049
33.814
34.134
34.454
34.774
35.066
35.386
35.706
36.007
36.327
36.647
36.904
37.834
38.154
38.474
38.806
39.126
39.447
39.767
40.087
40.433
40.753
41.074
41.409
41.729
42.059
42.219
43.019
43.979
44.789
45.429
46.049
46.549
46.919
47.079
47.399
49.444
49.604
50.012
50.332
50.652
50.967
51.287
51.607
51.927
52.211
52.69
53.475
54.715
55.045
57.885
60.245
60.725
61.045
61.355
61.675
61.995
62.335
62.655
62.975
63.295
63.615
63.947
64.267
64.587
64.907
65.538
66.178
67.037
67.357
67.677
67.95
67.997
68.27
68.595
68.915
69.235
69.555
69.746
69.875
70.066
70.195
70.515
70.846
71.326
71.646
71.889
71.966
72.529
72.849
73.179
73.8
74.115
74.435
74.755
75.075
75.405
75.725
76.045
76.36
76.68
77
77.32
77.77
78.11
80.2
81.37
81.69
81.95
82.32
82.635
82.96
83.28
83.6
83.92
84.24
84.56
84.88
85.2
85.52
85.84
86.16
86.48
86.8
87.869
88.189
88.509
88.829
89.15
89.47
89.79
90.11
90.869
91.189
91.509
91.829
92.148
92.468
92.788
93.108
94.616
94.938
95.258
95.491
95.578
95.768
95.811
96.131
96.451
96.771
97.091
97.411
97.731
97.971
98.251
98.571
98.891
99.204
99.524
99.844
100.166
100.486
101.089
101.409
101.729
105.554
105.874
106.194
106.514
107.079
107.399
107.719
108.039
108.355
108.595
108.699
108.939
109.397
109.717
110.037
110.36
110.68
111
111.775
112.095
112.415
112.585
112.77
113.09
113.580
113.900
114.220
114.490
114.491
114.59
114.91
115.23
115.55
115.87
116.19
116.51
116.83
117.15
117.465
117.785
117.915
117.934
118.254
118.574
118.894
119.219
119.539
119.66
119.972
120.292
120.612
120.932
121.072
121.729
121.989
122.309
122.629
123.039
123.26
123.58
123.9
124.22
124.55
124.87
125.19
125.51
125.83
126.147
126.467
126.587
127.098
127.418
127.808
128.128
128.453
128.773
129.093
129.413
129.733
130.048
130.368
130.688
131.008
131.328
131.653
131.973
132.293
132.613
132.933
133.344
133.664
133.984
134.304
134.626
134.966
135.286
135.537
135.857
136.177
136.497
136.817
137.137
137.457
137.777
138.097
138.357
138.677
138.997
139.317
139.637
139.957
140.277
140.94
141.26
141.58
141.9
142.216
142.526
142.846
143.166
143.478
143.798
144.118
145.446
145.766
146.086
146.406
146.726
147.356
147.676
147.996
148.316
148.636
148.956
149.276
149.596
149.916
150.228
150.548
150.868
151.188
151.488
151.688
152.008
152.328
152.648
152.968
153.1
153.42
153.74
154.06
154.38
154.51
154.627
154.947
155.267
155.592
156.882
157.202
157.522
157.842
161.466
161.786
162.106
163.695
164.015
164.335
164.655
165.81
166.13
166.45
166.539
166.859
167.300
167.610
170.326
170.646
170.966
171.286
178.179
178.499
178.819
180.924
181.244
181.564
181.884
182.364
182.684
182.984
183.318
183.638
183.958
184.258
185.287
185.607
185.927
186.247
187.693
188.013
188.313
188.653
188.973
189.293
194.916
195.236
195.556
195.876
196.196
197.811
199.579
199.899
200.219
200.356
200.676
200.996
201.316
201.636
202.109
202.429
202.749
203.069
203.389
203.705
204.295
204.645
204.925
205.822
206.142
206.462
206.664
206.782
206.984
207.304
207.624
210.28
210.442
210.6
210.762
210.92
212.128
212.444
212.448
212.764
212.768
213.658
215.022
215.342
215.662
215.982
216.293
216.611
216.931
217.251
217.575
217.895
218.215
218.493
218.813
219.133
219.449
219.769
219.95
220.27
220.59
220.906
221.266
221.752
222.092
222.412
222.727
223.047
223.374
224.014
224.334
224.467
224.654
224.787
225.107
225.427
225.428
225.747
226.067
226.473
226.793
227.113
227.433
227.777
228.097
228.417
228.762
229.082
229.402
229.722
230.032
230.352
230.672
230.752
230.992
231.312
231.632
232.012
232.332
232.652
232.967
233.287
233.607
233.835
234.345
234.795
235.111
235.431
235.751
236.071
236.391
236.706
237.026
237.346
237.666
237.986
238.298
238.618
238.938
239.258
239.578
239.901
240.221
240.541
240.861
241.181
241.501
241.821
242.141
242.462
242.782
242.938
243.102
243.258
243.422
243.578
243.898
244.218
244.538
244.858
244.937
245.257
245.577
245.897
246.209
246.529
246.849
247.174
247.494
247.814
248.129
248.374
248.694
249.004
249.338
249.658
249.978
250.298
250.618
250.938
251.258
251.429
251.749
252.069
252.426
252.746
253.066
253.356
253.708
253.906
254.028
254.226
254.541
254.861
255.181
255.501
256.208
256.533
256.853
257.173
257.484
257.804
259.392
259.712
260.032
260.352
260.672
261.07
261.39
261.706
262.026
262.346
262.666
262.92
263.24
263.287
263.56
263.607
263.88
263.927
264.238
264.558
264.878
265.201
265.521
266.077
266.397
266.717
267.041
267.361
267.683
268.003
268.323
268.633
268.953
269.166
269.486
269.806
270.126
270.451
270.771
271.091
271.309
271.624
271.944
272.264
272.501
272.821
273.141
273.461
273.786
274.106
274.426
274.746
275.066
275.289
275.609
275.929
276.24
276.56
276.88
276.94
277.2
277.26
279.67
280.049
280.369
280.691
281.011
281.331
281.641
281.744
281.966
282.064
282.286
282.379
282.606
282.699
283.019
283.344
283.664
283.984
284.304
284.624
284.944
285.264
285.584
285.898
286.218
286.538
286.863
287.183
287.503
287.813
288.133
288.453
288.773
289.093
289.413
289.733
290.053
290.373
290.693
291.008
291.328
291.648
291.973
292.293