   3.0332239e+00   2.2600000e+01
   1.3074241e+01   4.7400000e+01
   1.9349877e+01   7.2200000e+01
   3.2737900e+01   9.4600000e+01
   4.3615668e+01   1.1620000e+02
   5.3656685e+01   1.3860000e+02
   6.5371205e+01   1.6340000e+02
   7.7085725e+01   1.8660000e+02
   8.7963494e+01   2.0900000e+02
   9.5075881e+01   2.3140000e+02
   1.0595365e+02   2.5300000e+02
   1.2143355e+02   2.8020000e+02
   1.3272970e+02   3.0180000e+02
   1.4277071e+02   3.2420000e+02
   1.5281173e+02   3.4500000e+02
   1.6368950e+02   3.6420000e+02
   1.7791427e+02   3.8020000e+02
   1.9046554e+02   3.9860000e+02
   2.0259844e+02   4.1860000e+02
   2.1682321e+02   4.3700000e+02
   2.3272149e+02   4.5460000e+02
   2.4276251e+02   4.7460000e+02
   2.5280353e+02   4.9540000e+02
   2.6284454e+02   5.1700000e+02
   2.7121206e+02   5.4500000e+02
   2.8041632e+02   5.6740000e+02
   2.9003896e+02   5.8900000e+02
