   2.9800095e+00   2.2600000e+01
   1.8599369e+01   4.7400000e+01
   3.1752515e+01   7.2200000e+01
   4.4083588e+01   9.4600000e+01
   5.4359483e+01   1.1620000e+02
   6.5457449e+01   1.3860000e+02
   7.6555416e+01   1.6340000e+02
   8.8475454e+01   1.8660000e+02
   9.9984456e+01   2.0900000e+02
   1.0902724e+02   2.3140000e+02
   1.1807003e+02   2.5300000e+02
   1.2505764e+02   2.8020000e+02
   1.3368939e+02   3.0180000e+02
   1.4314321e+02   3.2420000e+02
   1.5300807e+02   3.4500000e+02
   1.6328397e+02   3.6420000e+02
   1.7849229e+02   3.8020000e+02
   1.8917922e+02   3.9860000e+02
   2.0274340e+02   4.1860000e+02
   2.1260826e+02   4.3700000e+02
   2.2206209e+02   4.5460000e+02
   2.3233798e+02   4.7460000e+02
   2.4261387e+02   4.9540000e+02
   2.5288977e+02   5.1700000e+02
   2.6234359e+02   5.4500000e+02
   2.7015327e+02   5.6740000e+02
   2.7919606e+02   5.8900000e+02
   2.8906092e+02   6.0980000e+02
