   0.0000000e+00  -6.3000000e-02
   5.0000000e+00   1.1090000e+01
   1.0000000e+01   3.3277000e+01
   1.5000000e+01   3.9263000e+01
   2.0000000e+01   4.4554000e+01
   2.5000000e+01   5.2074000e+01
   3.0000000e+01   6.0408000e+01
   3.5000000e+01   6.6326000e+01
   4.0000000e+01   7.5602000e+01
   4.5000000e+01   8.2334000e+01
   5.0000000e+01   9.3417000e+01
   5.5000000e+01   1.0794000e+02
   6.0000000e+01   1.2249000e+02
   6.5000000e+01   1.3701200e+02
   7.6555416e+01   1.6340000e+02
   8.8475454e+01   1.8660000e+02
   9.9984456e+01   2.0900000e+02
   1.0902724e+02   2.3140000e+02
   1.1807003e+02   2.5300000e+02
   1.2505764e+02   2.8020000e+02
   1.3368939e+02   3.0180000e+02
   1.4314321e+02   3.2420000e+02
   1.5300807e+02   3.4500000e+02
   1.6328397e+02   3.6420000e+02
   1.7849229e+02   3.8020000e+02
   1.8917922e+02   3.9860000e+02
   2.0274340e+02   4.1860000e+02
   2.1260826e+02   4.3700000e+02
   2.2206209e+02   4.5460000e+02
   2.3233798e+02   4.7460000e+02
   2.4261387e+02   4.9540000e+02
   2.5288977e+02   5.1700000e+02
   2.6234359e+02   5.4500000e+02
   2.7015327e+02   5.6740000e+02
   2.7919606e+02   5.8900000e+02
   2.8906092e+02   6.0980000e+02
